0.000000000000000000e+00 1.010196822559244811e+00
2.500000000000000052e-04 9.883955807997544252e-01
5.000000000000000104e-04 9.857879133708121744e-01
7.500000000000000156e-04 1.011550198943814260e+00
1.000000000000000021e-03 9.988131812676014354e-01
1.250000000000000026e-03 1.007081581879564425e+00
1.500000000000000031e-03 9.931546855822332986e-01
1.750000000000000036e-03 1.015967083719275799e+00
2.000000000000000042e-03 9.850124422592337892e-01
2.250000000000000264e-03 9.863889635316378524e-01
2.500000000000000052e-03 1.014324019679545996e+00
2.749999999999999840e-03 9.738696926989374170e-01
3.000000000000000062e-03 1.003826326658393775e+00
3.250000000000000284e-03 9.989049610732636530e-01
3.500000000000000073e-03 9.924204675955732302e-01
3.749999999999999861e-03 9.979215398423336714e-01
4.000000000000000083e-03 9.911074836371218666e-01
4.250000000000000305e-03 1.016332074267648711e+00
4.500000000000000527e-03 1.019285664084099707e+00
4.749999999999999882e-03 9.926037495352423301e-01
5.000000000000000104e-03 1.002998966432416150e+00
5.250000000000000326e-03 9.854457136618468560e-01
5.499999999999999681e-03 1.011893021575182239e+00
5.749999999999999903e-03 1.011709157251687641e+00
6.000000000000000125e-03 9.966682733609427691e-01
6.250000000000000347e-03 1.000192235250938699e+00
6.500000000000000569e-03 9.989229765892458923e-01
6.749999999999999924e-03 9.812449369463918103e-01
7.000000000000000146e-03 1.018073646088945683e+00
7.250000000000000368e-03 9.909550686356296545e-01
7.499999999999999722e-03 9.909568448645178496e-01
7.749999999999999944e-03 9.981949279189045177e-01
8.000000000000000167e-03 1.012050466354993850e+00
8.250000000000000389e-03 9.927808260320544198e-01
8.500000000000000611e-03 9.759609024025861501e-01
8.750000000000000833e-03 9.889840027202874140e-01
9.000000000000001055e-03 1.005312501824817906e+00
9.249999999999999542e-03 1.027660288736721439e+00
9.499999999999999764e-03 9.839504707851781662e-01
9.749999999999999986e-03 9.833453948740017436e-01
1.000000000000000021e-02 9.804065590296141552e-01
1.025000000000000043e-02 9.786215987512015824e-01
1.050000000000000065e-02 1.015879336132280875e+00
1.075000000000000087e-02 1.019848545506752080e+00
1.099999999999999936e-02 1.002379956869610789e+00
1.124999999999999958e-02 9.936864034900101394e-01
1.149999999999999981e-02 1.024376204813893354e+00
1.175000000000000003e-02 1.002386047012013837e+00
1.200000000000000025e-02 1.015068526695465767e+00
1.225000000000000047e-02 9.927990215511931504e-01
1.250000000000000069e-02 1.000621868265888947e+00
1.275000000000000092e-02 9.824691691893232548e-01
1.300000000000000114e-02 1.008986467776116225e+00
1.324999999999999963e-02 1.002748516002079926e+00
1.349999999999999985e-02 9.870209202018573880e-01
1.375000000000000007e-02 9.871152940634276840e-01
1.400000000000000029e-02 1.023816369522070779e+00
1.425000000000000051e-02 1.029286375404629528e+00
1.450000000000000074e-02 9.968094886319511794e-01
1.475000000000000096e-02 1.001022108863821369e+00
1.499999999999999944e-02 1.006082699809494718e+00
1.100000000000000006e-01 3.430800378857843391e+00
1.102500000000000008e-01 3.408009101372440508e+00
1.105000000000000010e-01 3.140256705589214992e+00
1.107500000000000012e-01 3.457520496163501544e+00
1.110000000000000014e-01 3.354813208403829794e+00
1.112500000000000017e-01 3.377130192364859340e+00
1.115000000000000019e-01 3.378691296305394332e+00
1.117500000000000021e-01 3.422397888417141765e+00
1.120000000000000023e-01 3.456343664081850342e+00
1.122500000000000026e-01 3.411277399894942608e+00
1.125000000000000028e-01 3.397183319918701816e+00
1.127500000000000030e-01 3.374911672752085146e+00
1.130000000000000032e-01 3.033252371909659129e+00
1.132500000000000034e-01 3.326910568143305991e+00
1.135000000000000037e-01 3.264738633148316804e+00
1.137500000000000039e-01 3.472941612289552449e+00
1.140000000000000041e-01 3.416852515196751483e+00
1.142500000000000043e-01 3.313287496718804626e+00
1.145000000000000046e-01 3.323744814863530461e+00
1.147500000000000048e-01 3.320911188537835734e+00
1.150000000000000050e-01 3.319859209943722966e+00
1.152500000000000052e-01 3.219074580937795194e+00
1.155000000000000054e-01 3.198096483740360263e+00
1.157500000000000057e-01 3.365506120439177629e+00
1.160000000000000059e-01 3.470063095530958819e+00
1.162500000000000061e-01 3.310777536160565138e+00
1.165000000000000063e-01 3.395326641908027909e+00
1.167500000000000066e-01 3.439326428469933639e+00
1.170000000000000068e-01 3.266982528596240609e+00
1.172500000000000070e-01 3.365461311272085698e+00
1.175000000000000072e-01 3.300987838353830917e+00
1.177500000000000074e-01 3.531701356599642683e+00
1.180000000000000077e-01 3.528553052746968621e+00
1.182500000000000079e-01 3.269597859502858306e+00
1.185000000000000081e-01 3.410896842095910486e+00
1.187500000000000083e-01 3.481662886891624176e+00
1.190000000000000085e-01 3.460249741022427994e+00
1.192500000000000088e-01 3.382270784157432875e+00
1.195000000000000090e-01 3.509726583776713760e+00
1.197500000000000092e-01 3.281669507649334960e+00
1.199999999999999956e-01 3.344726139906683660e+00
1.202499999999999958e-01 3.285502683809257363e+00
1.204999999999999960e-01 3.459675297155669238e+00
1.207499999999999962e-01 3.317492405935170030e+00
1.209999999999999964e-01 3.361385862635910549e+00
1.212499999999999967e-01 3.445369610077165134e+00
1.214999999999999969e-01 3.454874304508732230e+00
1.217499999999999971e-01 3.285480770467940737e+00
1.219999999999999973e-01 3.495027642095179132e+00
1.222499999999999976e-01 3.431979908764186682e+00
1.224999999999999978e-01 3.268296659588293185e+00
1.227499999999999980e-01 3.242325417583118430e+00
1.229999999999999982e-01 3.383971783190899973e+00
1.232499999999999984e-01 3.478266786005302258e+00
1.234999999999999987e-01 3.482085666880935459e+00
1.237499999999999989e-01 3.426700055057651628e+00
1.239999999999999991e-01 3.394090106321843159e+00
1.242499999999999993e-01 3.445471651056273288e+00
1.244999999999999996e-01 3.296622433154493770e+00
1.247499999999999998e-01 3.576477999540297326e+00
1.250000000000000000e-01 3.576343414189228298e+00
1.252500000000000002e-01 3.440043635865726479e+00
1.255000000000000004e-01 3.415292208602675128e+00
1.257500000000000007e-01 3.348470090172250835e+00
1.260000000000000009e-01 3.453897987721190610e+00
1.262500000000000011e-01 3.318460731886238246e+00
1.265000000000000013e-01 3.147250124708303343e+00
1.267500000000000016e-01 3.092172899507656059e+00
1.270000000000000018e-01 3.307904219122879574e+00
1.272500000000000020e-01 3.416472046155883735e+00
1.275000000000000022e-01 3.437191218457782416e+00
1.277500000000000024e-01 3.344981809943165629e+00
1.280000000000000027e-01 3.417249975851323729e+00
1.282500000000000029e-01 3.370488683665883389e+00
1.285000000000000031e-01 3.288031208445341136e+00
1.287500000000000033e-01 3.397178450054829213e+00
1.290000000000000036e-01 3.497840351328843411e+00
1.292500000000000038e-01 3.294569618756966189e+00
1.295000000000000040e-01 3.295070026965892129e+00
1.297500000000000042e-01 3.282071422673412897e+00
1.300000000000000044e-01 3.181371193862904345e+00
1.302500000000000047e-01 3.351747876029217643e+00
1.305000000000000049e-01 3.492350323333718976e+00
1.307500000000000051e-01 3.429833105827871709e+00
1.310000000000000053e-01 3.390186558693697894e+00
1.312500000000000056e-01 3.426142927927836368e+00
1.315000000000000058e-01 3.353673984963052579e+00
1.317500000000000060e-01 3.180856106103802539e+00
1.320000000000000062e-01 3.506535898321343048e+00
1.322500000000000064e-01 3.541886739180320820e+00
1.325000000000000067e-01 3.327351627897698894e+00
1.327500000000000069e-01 3.397232745671507903e+00
1.330000000000000071e-01 3.387542482621105133e+00
1.332500000000000073e-01 3.459288157327487401e+00
1.335000000000000075e-01 3.622328963157711357e+00
1.337500000000000078e-01 3.559224464552326328e+00
1.340000000000000080e-01 3.373143965418869517e+00
1.342500000000000082e-01 3.486060354916208581e+00
1.345000000000000084e-01 3.574172046320954088e+00
1.347500000000000087e-01 3.471420636826758166e+00
1.350000000000000089e-01 3.421425304058857808e+00
1.352500000000000091e-01 3.477810492767881012e+00
1.355000000000000093e-01 3.336394967012815904e+00
1.357500000000000095e-01 3.355016521391595674e+00
1.360000000000000098e-01 3.292478773654054613e+00
1.362500000000000100e-01 3.463990593152404429e+00
1.365000000000000102e-01 3.409946910824293465e+00
1.367500000000000104e-01 3.323828134938096479e+00
1.370000000000000107e-01 3.407189936605903302e+00
1.372500000000000109e-01 3.487870225730430374e+00
1.375000000000000111e-01 3.671509339962545138e+00
1.377500000000000113e-01 3.558391641411768447e+00
1.380000000000000115e-01 3.140261713408882827e+00
1.382500000000000118e-01 3.461985485642259608e+00
1.385000000000000120e-01 3.614934476055482904e+00
1.387500000000000122e-01 3.261409084346888143e+00
1.390000000000000124e-01 3.504525744792123199e+00
1.392500000000000127e-01 3.403855696610335269e+00
1.395000000000000129e-01 3.583701978251724540e+00
1.397500000000000131e-01 3.488160457628329603e+00
1.400000000000000133e-01 3.321674650012512053e+00
1.402500000000000135e-01 3.411061005462332041e+00
1.405000000000000138e-01 3.419431289856687428e+00
1.407500000000000140e-01 3.422520682860207941e+00
1.410000000000000142e-01 3.586281358343702763e+00
1.412500000000000144e-01 3.329175005908935780e+00
1.415000000000000147e-01 3.573139757332405964e+00
1.417500000000000149e-01 3.401505752416966288e+00
1.420000000000000151e-01 3.471849617428297119e+00
1.422500000000000153e-01 3.452535922691805759e+00
1.425000000000000155e-01 3.440710375526186304e+00
1.427500000000000158e-01 3.442505818789822314e+00
1.430000000000000160e-01 3.640358728979645075e+00
1.432500000000000162e-01 3.558940302772938491e+00
1.435000000000000164e-01 3.397571572051269140e+00
1.437500000000000167e-01 3.660933224970277955e+00
1.440000000000000169e-01 3.485041119989030101e+00
1.442499999999999893e-01 3.497099486067032359e+00
1.444999999999999896e-01 3.335268115705257497e+00
1.447499999999999898e-01 3.382049933642720330e+00
1.449999999999999900e-01 3.356440418021248817e+00
1.452499999999999902e-01 3.463147017839945274e+00
1.454999999999999905e-01 3.539885002299353545e+00
1.457499999999999907e-01 3.503365318125049477e+00
1.459999999999999909e-01 3.672940683044930488e+00
1.462499999999999911e-01 3.331095157219029268e+00
1.464999999999999913e-01 3.470774361470335911e+00
1.467499999999999916e-01 3.276808884134041477e+00
1.469999999999999918e-01 3.327466466191500327e+00
1.472499999999999920e-01 3.633926979312051220e+00
1.474999999999999922e-01 3.392572985841246336e+00
1.477499999999999925e-01 3.345228509261535699e+00
1.479999999999999927e-01 3.158493340634715540e+00
1.482499999999999929e-01 3.344618378585797025e+00
1.484999999999999931e-01 3.431225449026231278e+00
1.487499999999999933e-01 3.268081044041415417e+00
1.489999999999999936e-01 3.424254824965425659e+00
1.492499999999999938e-01 3.643893529628598138e+00
1.494999999999999940e-01 3.361773231096300663e+00
1.497499999999999942e-01 3.328307845830344558e+00
1.499999999999999944e-01 3.302668037335338980e+00
1.502499999999999947e-01 3.300366248176106243e+00
1.504999999999999949e-01 3.543259084919801349e+00
1.507499999999999951e-01 3.473524515505781451e+00
1.509999999999999953e-01 3.606243904517443255e+00
1.512499999999999956e-01 3.762178097742207239e+00
1.514999999999999958e-01 3.201086412725262509e+00
1.517499999999999960e-01 3.524838090032416105e+00
1.519999999999999962e-01 3.305610049906941406e+00
1.522499999999999964e-01 3.586634097915633035e+00
1.524999999999999967e-01 3.431072522992518525e+00
1.527499999999999969e-01 3.475905890567189349e+00
1.529999999999999971e-01 3.282268026580549058e+00
1.532499999999999973e-01 3.409819657980874386e+00
1.534999999999999976e-01 3.487235046911561831e+00
1.537499999999999978e-01 3.677108272061500038e+00
1.539999999999999980e-01 3.356230640805739185e+00
1.542499999999999982e-01 3.393212639086898630e+00
1.544999999999999984e-01 3.618637222459809344e+00
1.547499999999999987e-01 3.347579802708157359e+00
1.549999999999999989e-01 3.650616865642388298e+00
1.552499999999999991e-01 3.477157690500600307e+00
1.554999999999999993e-01 3.525257923167958829e+00
1.557499999999999996e-01 3.535841155141060010e+00
1.559999999999999998e-01 3.386427152548168173e+00
1.562500000000000000e-01 3.540857480518864620e+00
1.565000000000000002e-01 3.363330056993932615e+00
1.567500000000000004e-01 3.405270162933180966e+00
1.570000000000000007e-01 3.569293208596039602e+00
1.572500000000000009e-01 3.529155839140388551e+00
1.575000000000000011e-01 3.472853065996468036e+00
1.577500000000000013e-01 3.289642736511458665e+00
1.580000000000000016e-01 3.328677839488936918e+00
1.582500000000000018e-01 3.529609017666963222e+00
1.585000000000000020e-01 3.601604690336455139e+00
1.587500000000000022e-01 3.313744199029823978e+00
1.590000000000000024e-01 3.356386505364237216e+00
1.592500000000000027e-01 3.510175156680328978e+00
1.595000000000000029e-01 3.507495704618105670e+00
1.597500000000000031e-01 3.233254531967032275e+00
1.600000000000000033e-01 3.516616430331729770e+00
1.602500000000000036e-01 3.396450639815248085e+00
1.605000000000000038e-01 3.753916014862489270e+00
1.607500000000000040e-01 3.532743216527442165e+00
1.610000000000000042e-01 3.561079717504352260e+00
1.612500000000000044e-01 3.566039917842737328e+00
1.615000000000000047e-01 3.299459278655338501e+00
1.617500000000000049e-01 3.809107589120953374e+00
1.620000000000000051e-01 3.233677404157239366e+00
1.622500000000000053e-01 3.625753682609150985e+00
1.625000000000000056e-01 3.597931585991015258e+00
1.627500000000000058e-01 3.420362497332589680e+00
1.630000000000000060e-01 3.607482598277486296e+00
1.632500000000000062e-01 3.447359176301397543e+00
1.635000000000000064e-01 3.389174758586632752e+00
1.637500000000000067e-01 3.577790149485532201e+00
1.640000000000000069e-01 3.335365616248598286e+00
1.642500000000000071e-01 3.464823894611373412e+00
1.645000000000000073e-01 3.404128362866473356e+00
1.647500000000000075e-01 3.447376452913597955e+00
1.650000000000000078e-01 3.575734764483780026e+00
1.652500000000000080e-01 3.405301878771711088e+00
1.655000000000000082e-01 3.472883224763694709e+00
1.657500000000000084e-01 3.421378393504472371e+00
1.660000000000000087e-01 3.748692838249403358e+00
1.662500000000000089e-01 3.564555674319959788e+00
1.665000000000000091e-01 3.544648142753994868e+00
1.667500000000000093e-01 3.623686803184742455e+00
1.670000000000000095e-01 3.408115441531621048e+00
1.672500000000000098e-01 3.655331795373183645e+00
1.675000000000000100e-01 3.568956265887178958e+00
1.677500000000000102e-01 3.244351577240969231e+00
1.680000000000000104e-01 3.267080842392800832e+00
1.682500000000000107e-01 3.413808627968101916e+00
1.685000000000000109e-01 3.285586170620267588e+00
1.687500000000000111e-01 3.472109749366782072e+00
1.690000000000000113e-01 3.338811076045653969e+00
1.692500000000000115e-01 3.497470278898396234e+00
1.695000000000000118e-01 3.759727479872128075e+00
1.697500000000000120e-01 3.507027246097507156e+00
1.700000000000000122e-01 3.463460357925931099e+00
1.702500000000000124e-01 3.584604730662855232e+00
1.705000000000000127e-01 3.395616029960597970e+00
1.707500000000000129e-01 3.665951067486787451e+00
1.710000000000000131e-01 3.605705962728965375e+00
1.712500000000000133e-01 3.526134838567860363e+00
1.715000000000000135e-01 3.547142436316807590e+00
1.717500000000000138e-01 3.881765810002375083e+00
1.720000000000000140e-01 3.688223609723067842e+00
1.722500000000000142e-01 3.912657820494627625e+00
1.725000000000000144e-01 3.617108860011233773e+00
1.727500000000000147e-01 3.260196758756762403e+00
1.730000000000000149e-01 3.476638018546188924e+00
1.732500000000000151e-01 3.219247134110135633e+00
1.735000000000000153e-01 3.619716800126753231e+00
1.737500000000000155e-01 3.659642174367575773e+00
1.740000000000000158e-01 3.366021764961801388e+00
1.742500000000000160e-01 3.407935422375869994e+00
1.745000000000000162e-01 3.554148389081299264e+00
1.747500000000000164e-01 3.310012814220309796e+00
1.750000000000000167e-01 3.296456324978041863e+00
1.752500000000000169e-01 3.755102824251469240e+00
1.755000000000000171e-01 3.550560590693319085e+00
1.757500000000000173e-01 3.427826590508874283e+00
1.759999999999999898e-01 3.219786851986900178e+00
1.762499999999999900e-01 3.688357214472353540e+00
1.764999999999999902e-01 3.405600445673107490e+00
1.767499999999999905e-01 3.876787823663401245e+00
1.769999999999999907e-01 3.692475046635009583e+00
1.772499999999999909e-01 3.383573241454507219e+00
1.774999999999999911e-01 3.401093321096601230e+00
1.777499999999999913e-01 3.856291603664516288e+00
1.779999999999999916e-01 3.519757816346001267e+00
1.782499999999999918e-01 3.439884007339132577e+00
1.784999999999999920e-01 3.541906818312935190e+00
1.787499999999999922e-01 3.439774404486775516e+00
1.789999999999999925e-01 3.583360271278479114e+00
1.792499999999999927e-01 3.524124928174058979e+00
1.794999999999999929e-01 3.704975032773203392e+00
1.797499999999999931e-01 3.465834076076753867e+00
1.799999999999999933e-01 3.371801542872175705e+00
1.802499999999999936e-01 3.474234421326333866e+00
1.804999999999999938e-01 3.473507613079846124e+00
1.807499999999999940e-01 3.527118713791775662e+00
1.809999999999999942e-01 3.664389664192442719e+00
1.812499999999999944e-01 3.654723019993989297e+00
1.814999999999999947e-01 3.775055169920686460e+00
1.817499999999999949e-01 3.387476005537523260e+00
1.819999999999999951e-01 3.620161018364420169e+00
1.822499999999999953e-01 3.686619917153168391e+00
1.824999999999999956e-01 3.414895017121542864e+00
1.827499999999999958e-01 3.506139433795584459e+00
1.829999999999999960e-01 3.205342713810831690e+00
1.832499999999999962e-01 3.725292352074285773e+00
1.834999999999999964e-01 3.506062126506598542e+00
1.837499999999999967e-01 3.707485713184471621e+00
1.839999999999999969e-01 3.590083433590834705e+00
1.842499999999999971e-01 3.513499976570753525e+00
1.844999999999999973e-01 3.235470481213181593e+00
1.847499999999999976e-01 3.270635138049958535e+00
1.849999999999999978e-01 3.036488332500026033e+00
1.852499999999999980e-01 3.440308787274439339e+00
1.854999999999999982e-01 4.007554087046820257e+00
1.857499999999999984e-01 3.295916829132543135e+00
1.859999999999999987e-01 3.026696556669951299e+00
1.862499999999999989e-01 3.747949820867385373e+00
1.864999999999999991e-01 4.030894370277820826e+00
1.867499999999999993e-01 3.615833966455815229e+00
1.869999999999999996e-01 3.614668795559432546e+00
1.872499999999999998e-01 3.494116465123207060e+00
1.875000000000000000e-01 3.193277368977766706e+00
1.877500000000000002e-01 3.262946305962831417e+00
1.880000000000000004e-01 3.494007033726072464e+00
1.882500000000000007e-01 3.455278579156191743e+00
1.885000000000000009e-01 3.536115809151286538e+00
1.887500000000000011e-01 3.730345742719760160e+00
1.890000000000000013e-01 3.441221173374222619e+00
1.892500000000000016e-01 3.736376773480734936e+00
1.895000000000000018e-01 3.443188217456835343e+00
1.897500000000000020e-01 3.777215262248586392e+00
1.900000000000000022e-01 3.580938239593523864e+00
1.902500000000000024e-01 3.473076868052791699e+00
1.905000000000000027e-01 3.578570356567511990e+00
1.907500000000000029e-01 3.503484544051320704e+00
1.910000000000000031e-01 3.588900417604518278e+00
1.912500000000000033e-01 3.724573065283004247e+00
1.915000000000000036e-01 3.548059379948930392e+00
1.917500000000000038e-01 3.489196989334134802e+00
1.920000000000000040e-01 3.330711442401335098e+00
1.922500000000000042e-01 3.690314202353144335e+00
1.925000000000000044e-01 3.642257319202432342e+00
1.927500000000000047e-01 3.318501702049664992e+00
1.930000000000000049e-01 3.747178522461564132e+00
1.932500000000000051e-01 3.315105849154189155e+00
1.935000000000000053e-01 3.790334758440990104e+00
1.937500000000000056e-01 3.718354988925105520e+00
1.940000000000000058e-01 3.661748104971743079e+00
1.942500000000000060e-01 3.491464516894867920e+00
1.945000000000000062e-01 3.696785880502216681e+00
1.947500000000000064e-01 3.805480905992707275e+00
1.950000000000000067e-01 3.701958040653705151e+00
1.952500000000000069e-01 3.429505029402193372e+00
1.955000000000000071e-01 3.633094823157259512e+00
1.957500000000000073e-01 3.821642673257725775e+00
1.960000000000000075e-01 4.055034908224754098e+00
1.962500000000000078e-01 3.531947491097051639e+00
1.965000000000000080e-01 3.764824770780165419e+00
1.967500000000000082e-01 3.826339738808538726e+00
1.970000000000000084e-01 3.399995275559128061e+00
1.972500000000000087e-01 3.970871837566421814e+00
1.975000000000000089e-01 3.344628929819470020e+00
1.977500000000000091e-01 3.758614553577414252e+00
1.980000000000000093e-01 3.648046597159746884e+00
1.982500000000000095e-01 3.593335788785009921e+00
1.985000000000000098e-01 4.147443658314219128e+00
1.987500000000000100e-01 3.515004544069125547e+00
1.990000000000000102e-01 3.511811718946624250e+00
1.992500000000000104e-01 3.880779132053426395e+00
1.995000000000000107e-01 3.754305964383128469e+00
1.997500000000000109e-01 3.871951774591867679e+00
2.000000000000000111e-01 3.611011528902027035e+00
2.002500000000000113e-01 3.656676474994215109e+00
2.005000000000000115e-01 4.014993535017516990e+00
2.007500000000000118e-01 3.397186743544946985e+00
2.010000000000000120e-01 3.563517196203002335e+00
2.012500000000000122e-01 3.768681163496444331e+00
2.015000000000000124e-01 3.543312297343165440e+00
2.017500000000000127e-01 3.458393392271341682e+00
2.020000000000000129e-01 3.730260937788043130e+00
2.022500000000000131e-01 3.895297869381233902e+00
2.025000000000000133e-01 3.557674014642325133e+00
2.027500000000000135e-01 3.551751818235949987e+00
2.030000000000000138e-01 3.441851536046791615e+00
2.032500000000000140e-01 3.523242279718350467e+00
2.035000000000000142e-01 3.842625953405785388e+00
2.037500000000000144e-01 3.611365460445372655e+00
2.040000000000000147e-01 3.406231074019323124e+00
2.042500000000000149e-01 3.654645747140772727e+00
2.045000000000000151e-01 3.839125154229073189e+00
2.047500000000000153e-01 3.463445706620486675e+00
2.050000000000000155e-01 3.284312164669795919e+00
2.052500000000000158e-01 4.109284616418034553e+00
2.055000000000000160e-01 3.272394798886321343e+00
2.057500000000000162e-01 3.512216957150038343e+00
2.060000000000000164e-01 3.651965209236963883e+00
2.062500000000000167e-01 3.533371961319132115e+00
2.065000000000000169e-01 3.580517101008918956e+00
2.067500000000000171e-01 3.735585645965398438e+00
2.070000000000000173e-01 3.030862108951652534e+00
2.072500000000000175e-01 3.298109701883956468e+00
2.075000000000000178e-01 3.610851677096355683e+00
2.077500000000000180e-01 3.504174051659310063e+00
2.080000000000000182e-01 3.632304190149887813e+00
2.082499999999999907e-01 3.656447299993601074e+00
2.084999999999999909e-01 3.093571382128920355e+00
2.087499999999999911e-01 3.909655572151375491e+00
2.089999999999999913e-01 3.483067109987883381e+00
2.092499999999999916e-01 3.394526097494652284e+00
2.094999999999999918e-01 3.654828749515419695e+00
2.097499999999999920e-01 3.630862399898318937e+00
2.099999999999999922e-01 3.896431062510096410e+00
2.102499999999999925e-01 3.672109416045471253e+00
2.104999999999999927e-01 3.889135326283794214e+00
2.107499999999999929e-01 3.377335638310470678e+00
2.109999999999999931e-01 3.642127185662910271e+00
2.112499999999999933e-01 3.334092022178315684e+00
2.114999999999999936e-01 3.632387467513166879e+00
2.117499999999999938e-01 3.580677795095943416e+00
2.119999999999999940e-01 3.570498668278279109e+00
2.122499999999999942e-01 3.573091947018902204e+00
2.124999999999999944e-01 3.792923442596773942e+00
2.127499999999999947e-01 3.211554220132263104e+00
2.129999999999999949e-01 3.387392631164379164e+00
2.132499999999999951e-01 3.601713210897278472e+00
2.134999999999999953e-01 3.317857370691283947e+00
2.137499999999999956e-01 3.624360226953359021e+00
2.139999999999999958e-01 3.600557631196387831e+00
2.142499999999999960e-01 3.261101203539986670e+00
2.144999999999999962e-01 3.248487448944062717e+00
2.147499999999999964e-01 2.953047091907159860e+00
2.149999999999999967e-01 3.306832131042655831e+00
2.152499999999999969e-01 3.619391304210278104e+00
2.154999999999999971e-01 3.655869493454690033e+00
2.157499999999999973e-01 3.668048691768842406e+00
2.159999999999999976e-01 3.419176950396727754e+00
2.162499999999999978e-01 3.613049163091619054e+00
2.164999999999999980e-01 3.719721297061238552e+00
2.167499999999999982e-01 3.294032833978027153e+00
2.169999999999999984e-01 3.650811322814455639e+00
2.172499999999999987e-01 3.788371595754236765e+00
2.174999999999999989e-01 3.493783917743992440e+00
2.177499999999999991e-01 3.894637338809479932e+00
2.179999999999999993e-01 3.500308947811149984e+00
2.182499999999999996e-01 3.398907111253461455e+00
2.184999999999999998e-01 3.766521352984269377e+00
2.187500000000000000e-01 4.150980465978702405e+00
2.190000000000000002e-01 3.645260502994064122e+00
2.192500000000000004e-01 3.789134911948339735e+00
2.195000000000000007e-01 3.491048956556681571e+00
2.197500000000000009e-01 3.299390824603388950e+00
2.200000000000000011e-01 3.668565923212449675e+00
2.202500000000000013e-01 3.710681079771291468e+00
2.205000000000000016e-01 3.531676029929605498e+00
2.207500000000000018e-01 3.792836181209312318e+00
2.210000000000000020e-01 3.454015016226103185e+00
2.212500000000000022e-01 3.388513044924697404e+00
2.215000000000000024e-01 3.909124655060054021e+00
2.217500000000000027e-01 3.911366961601005610e+00
2.220000000000000029e-01 3.459887842033556371e+00
2.222500000000000031e-01 4.087644026145882847e+00
2.225000000000000033e-01 3.552988871917776681e+00
2.227500000000000036e-01 3.652866684417197973e+00
2.230000000000000038e-01 3.607941628408588564e+00
2.232500000000000040e-01 3.771827506618435244e+00
2.235000000000000042e-01 3.704636927595296392e+00
2.237500000000000044e-01 3.701610372885597133e+00
2.240000000000000047e-01 3.357097566804889688e+00
2.242500000000000049e-01 3.176009838438767829e+00
2.245000000000000051e-01 3.943124171322142324e+00
2.247500000000000053e-01 3.485768637865335862e+00
2.250000000000000056e-01 3.621045818772789637e+00
2.252500000000000058e-01 3.723942313736078535e+00
2.255000000000000060e-01 4.080208564195394239e+00
2.257500000000000062e-01 3.679930878145058148e+00
2.260000000000000064e-01 3.528034430204945782e+00
2.262500000000000067e-01 3.492948466886844017e+00
2.265000000000000069e-01 3.626896340965307886e+00
2.267500000000000071e-01 3.387024635681140872e+00
2.270000000000000073e-01 3.646068480905189535e+00
2.272500000000000075e-01 3.624169265632249282e+00
2.275000000000000078e-01 4.093858168499848738e+00
2.277500000000000080e-01 3.616270767505677330e+00
2.280000000000000082e-01 3.104768020144993201e+00
2.282500000000000084e-01 4.385191329115895265e+00
2.285000000000000087e-01 3.907890112158321827e+00
2.287500000000000089e-01 4.223505151282400227e+00
2.290000000000000091e-01 3.317615790684413923e+00
2.292500000000000093e-01 3.579980595413730704e+00
2.295000000000000095e-01 3.832247561586461959e+00
2.297500000000000098e-01 3.794178927273027746e+00
2.300000000000000100e-01 3.730174839174406731e+00
2.302500000000000102e-01 3.022425503572136130e+00
2.305000000000000104e-01 3.159691047391409047e+00
2.307500000000000107e-01 4.075335224219818642e+00
2.310000000000000109e-01 4.127073005167333442e+00
2.312500000000000111e-01 3.615496298259224695e+00
2.315000000000000113e-01 4.042754705603615939e+00
2.317500000000000115e-01 3.354482321074833351e+00
2.320000000000000118e-01 3.419883386667060154e+00
2.322500000000000120e-01 3.331682769157209734e+00
2.325000000000000122e-01 3.404039180174145418e+00
2.327500000000000124e-01 3.856445411654563227e+00
2.330000000000000127e-01 3.400487418597815115e+00
2.332500000000000129e-01 4.296025734778583072e+00
2.335000000000000131e-01 3.782940814050400835e+00
2.337500000000000133e-01 3.964530120695565429e+00
2.340000000000000135e-01 3.792970559257507812e+00
2.342500000000000138e-01 4.004248280704758578e+00
2.345000000000000140e-01 3.398875029947503457e+00
2.347500000000000142e-01 4.074259194913239845e+00
2.350000000000000144e-01 3.693748822549728583e+00
2.352500000000000147e-01 4.007045120204893784e+00
2.355000000000000149e-01 3.231231880236136167e+00
2.357500000000000151e-01 3.706939494143033809e+00
2.360000000000000153e-01 3.697070692472105513e+00
2.362500000000000155e-01 3.472193084232598537e+00
2.365000000000000158e-01 3.747683452109291657e+00
2.367500000000000160e-01 4.111157866200044531e+00
2.370000000000000162e-01 3.449756328244617087e+00
2.372500000000000164e-01 3.942091640990586399e+00
2.375000000000000167e-01 3.321646533398796564e+00
2.377500000000000169e-01 4.285864149551892766e+00
2.380000000000000171e-01 3.891994393640426431e+00
2.382500000000000173e-01 4.174021020841800933e+00
2.385000000000000175e-01 3.859975196347619431e+00
2.387500000000000178e-01 3.776323144396783071e+00
2.390000000000000180e-01 3.897867638966057591e+00
2.392500000000000182e-01 3.618927959181443832e+00
2.395000000000000184e-01 3.172554071228109951e+00
2.397500000000000187e-01 3.796024124772173103e+00
2.399999999999999911e-01 3.432680648112129695e+00
2.402499999999999913e-01 3.327786486096894425e+00
2.404999999999999916e-01 3.855377281590188776e+00
2.407499999999999918e-01 3.577697193948757626e+00
2.409999999999999920e-01 3.976165863618422058e+00
2.412499999999999922e-01 3.422651503598272082e+00
2.414999999999999925e-01 3.519928466410323420e+00
2.417499999999999927e-01 4.016614651676050585e+00
2.419999999999999929e-01 3.750593856411499782e+00
2.422499999999999931e-01 3.211149836973572480e+00
2.424999999999999933e-01 3.744943968565865866e+00
2.427499999999999936e-01 4.122795670581671956e+00
2.429999999999999938e-01 3.518610662449466631e+00
2.432499999999999940e-01 3.851925699772976053e+00
2.434999999999999942e-01 3.404020009190314333e+00
2.437499999999999944e-01 3.625248200667704701e+00
2.439999999999999947e-01 4.007094957795480639e+00
2.442499999999999949e-01 3.736863696692851455e+00
2.444999999999999951e-01 4.071331954894018779e+00
2.447499999999999953e-01 3.802358324318456884e+00
2.449999999999999956e-01 4.364590320368343157e+00
2.452499999999999958e-01 3.179391810795153539e+00
2.454999999999999960e-01 3.602428305777606532e+00
2.457499999999999962e-01 3.329756360338897103e+00
2.459999999999999964e-01 3.351125528793637898e+00
2.462499999999999967e-01 3.353865463874555974e+00
2.464999999999999969e-01 3.725400786206010117e+00
2.467499999999999971e-01 3.744467859135821808e+00
2.469999999999999973e-01 3.808851004869996615e+00
2.472499999999999976e-01 3.316542916414213060e+00
2.474999999999999978e-01 3.570757805401659102e+00
2.477499999999999980e-01 3.366818106723790560e+00
2.479999999999999982e-01 3.973888278131817664e+00
2.482499999999999984e-01 3.396708628290430632e+00
2.484999999999999987e-01 3.607152032747657167e+00
2.487499999999999989e-01 3.856022722737005637e+00
2.489999999999999991e-01 3.478458693884401320e+00
2.492499999999999993e-01 3.900490191417864683e+00
2.494999999999999996e-01 4.192469671935024067e+00
2.497499999999999998e-01 3.739064450336957446e+00
2.500000000000000000e-01 3.970117522539173827e+00
