0.000000000000000000e+00 4.669679999636107137e-01
2.502502502502502481e-04 3.403707463057626947e-01
5.005005005005004962e-04 9.404485057361725575e-01
7.507507507507507442e-04 8.271546152435349519e-02
1.001001001001000992e-03 9.308873720608084046e-01
1.251251251251251240e-03 8.267146599310183364e-01
1.501501501501501488e-03 1.299299245357012911e-01
1.751751751751751737e-03 5.649843576752535679e-01
2.002002002002001985e-03 8.665479817490868708e-01
2.252252252252252233e-03 5.718091636071537254e-01
2.502502502502502481e-03 9.071998215606222882e-01
2.752752752752752729e-03 9.429838168160424861e-01
3.003003003003002977e-03 4.223845221843058884e-01
3.253253253253253225e-03 3.773136614063236083e-01
3.503503503503503473e-03 9.363211539691568275e-01
3.753753753753753721e-03 6.751400611496680693e-01
4.004004004004003969e-03 1.160226813481692876e-01
4.254254254254253784e-03 4.229174922268119641e-02
4.504504504504504465e-03 5.646290509972631266e-01
4.754754754754755147e-03 9.301709654384245907e-01
5.005005005005004962e-03 8.442487024058183964e-01
5.255255255255254776e-03 6.758477464643364296e-01
5.505505505505505458e-03 1.391158488910875235e-01
5.755755755755756140e-03 2.542313837486955830e-01
6.006006006006005954e-03 8.755112265526161508e-01
6.256256256256255768e-03 1.828072366569004625e-01
6.506506506506506450e-03 2.784394082504345613e-01
6.756756756756757132e-03 1.296006511954419516e-01
7.007007007007006946e-03 6.761082314144111205e-01
7.257257257257256761e-03 9.439823053632095951e-01
7.507507507507507442e-03 2.689680315953859591e-01
7.757757757757758124e-03 4.754066078500737147e-01
8.008008008008007939e-03 6.343397397112042757e-01
8.258258258258257753e-03 9.994662482156306815e-01
8.508508508508507567e-03 1.048080649975721146e-01
8.758758758758759116e-03 4.985707995057091502e-01
9.009009009009008931e-03 3.851201199025000577e-01
9.259259259259258745e-03 8.658201652223551648e-01
9.509509509509510294e-03 4.759677310116559035e-01
9.759759759759760109e-03 1.109775245851480907e-01
1.001001001001000992e-02 6.344241452865836406e-01
1.026026026026025974e-02 7.707806182638797798e-01
1.051051051051050955e-02 2.881251665614592561e-03
1.076076076076076110e-02 8.589566854206295288e-01
1.101101101101101092e-02 1.860230000056656285e-01
1.126126126126126073e-02 5.520693646533778587e-01
1.151151151151151228e-02 4.157975006874501389e-01
1.176176176176176209e-02 7.196538166105304057e-01
1.201201201201201191e-02 3.711616147857418335e-01
1.226226226226226172e-02 8.697631766817107701e-01
1.251251251251251154e-02 7.304963609587902251e-01
1.276276276276276309e-02 6.477131710629214778e-01
1.301301301301301290e-02 7.962405955628543142e-01
1.326326326326326271e-02 7.540230349283822964e-01
1.351351351351351426e-02 3.593867492155333743e-02
1.376376376376376408e-02 3.947343538448281342e-01
1.401401401401401389e-02 9.308072973164898123e-01
1.426426426426426371e-02 1.257242689922262180e-01
1.451451451451451352e-02 7.370965504320512451e-01
1.476476476476476507e-02 9.745918113353296830e-01
1.101101101101101126e-01 5.167899391281581822e-01
1.103603603603603572e-01 7.401613687614631010e-01
1.106106106106106157e-01 6.307004711587850254e-01
1.108608608608608603e-01 5.496062685307566698e-01
1.111111111111111049e-01 6.897788492481211620e-01
1.113613613613613634e-01 1.439419135722308507e-01
1.116116116116116080e-01 5.953596612586040671e-01
1.118618618618618665e-01 1.721106028227776807e-01
1.121121121121121111e-01 9.255222078518808848e-01
1.123623623623623557e-01 6.833410484560420439e-02
1.126126126126126142e-01 4.303747496907932568e-01
1.128628628628628588e-01 6.957974776554448626e-01
1.131131131131131173e-01 4.580222116682587385e-01
1.133633633633633619e-01 9.209525323290235210e-02
1.136136136136136066e-01 5.533790161267073682e-01
1.138638638638638650e-01 6.416319088273545468e-01
1.141141141141141097e-01 7.037923109905076524e-01
1.143643643643643681e-01 3.732598144627589098e-01
1.146146146146146128e-01 5.636599710287621967e-01
1.148648648648648574e-01 4.506864749389131175e-01
1.151151151151151159e-01 6.720560387522533929e-01
1.153653653653653605e-01 5.835569673248185429e-01
1.156156156156156189e-01 5.257562195591348742e-01
1.158658658658658636e-01 2.495243668382486346e-01
1.161161161161161082e-01 2.018517748233916720e-03
1.163663663663663667e-01 1.740816753114292625e-01
1.166166166166166113e-01 1.170660414241686542e-01
1.168668668668668698e-01 4.490847450109467509e-01
1.171171171171171144e-01 6.122581507618446439e-01
1.173673673673673729e-01 2.130850086848081748e-01
1.176176176176176175e-01 9.390570959671871165e-01
1.178678678678678621e-01 6.682129223887778302e-03
1.181181181181181206e-01 7.723010151653428856e-01
1.183683683683683652e-01 6.252047695304422392e-01
1.186186186186186237e-01 3.735548010476819059e-01
1.188688688688688683e-01 5.048894441240792119e-02
1.191191191191191129e-01 6.274865717842793567e-01
1.193693693693693714e-01 3.856135128656480449e-01
1.196196196196196160e-01 9.362671394132191516e-01
1.198698698698698745e-01 5.419900748897659160e-01
1.201201201201201191e-01 9.396515112935082126e-01
1.203703703703703637e-01 2.204836934733040987e-01
1.206206206206206222e-01 7.257259103641032771e-01
1.208708708708708668e-01 6.172490208487256824e-01
1.211211211211211253e-01 7.394082298313118251e-01
1.213713713713713699e-01 2.146678639725367876e-01
1.216216216216216145e-01 6.649945162377737251e-01
1.218718718718718730e-01 4.980403930568689796e-01
1.221221221221221176e-01 7.428249749063162710e-01
1.223723723723723761e-01 3.270446441518177760e-01
1.226226226226226207e-01 8.900570254652525604e-01
1.228728728728728653e-01 8.430131461135037529e-02
1.231231231231231238e-01 8.071893187911880485e-01
1.233733733733733684e-01 8.613196258150908058e-01
1.236236236236236269e-01 8.172523113668211936e-01
1.238738738738738715e-01 5.127263942617760195e-01
1.241241241241241300e-01 4.383849800307613176e-01
1.243743743743743746e-01 9.962622865248768056e-01
1.246246246246246192e-01 2.291719512141621173e-01
1.248748748748748777e-01 5.468759658760445896e-01
1.251251251251251362e-01 6.706755253823255547e-01
1.253753753753753808e-01 7.008676358614319701e-01
1.256256256256256254e-01 2.040246657385786921e-01
1.258758758758758700e-01 6.539940923398012140e-01
1.261261261261261146e-01 8.183695664813372961e-01
1.263763763763763870e-01 5.001857682111221504e-02
1.266266266266266316e-01 9.115212933253165062e-01
1.268768768768768762e-01 2.950405514520593186e-02
1.271271271271271208e-01 3.559710324883943455e-01
1.273773773773773654e-01 1.581319623296206789e-02
1.276276276276276378e-01 7.714516853958186537e-02
1.278778778778778824e-01 9.111682851800790850e-01
1.281281281281281270e-01 3.548608307461478262e-01
1.283783783783783716e-01 4.247715304250528900e-01
1.286286286286286162e-01 2.153443813825526298e-01
1.288788788788788886e-01 5.970957701867197764e-01
1.291291291291291332e-01 5.948032146777896267e-01
1.293793793793793778e-01 3.722003918252192456e-01
1.296296296296296224e-01 3.330348718053983692e-01
1.298798798798798670e-01 8.849643081805877998e-01
1.301301301301301394e-01 3.832842396422013742e-01
1.303803803803803840e-01 4.935009921544082356e-01
1.306306306306306286e-01 2.833047624249306340e-01
1.308808808808808732e-01 7.867695033571273644e-01
1.311311311311311179e-01 3.974481568990916314e-01
1.313813813813813902e-01 5.136110465443245454e-01
1.316316316316316348e-01 2.533571700596614074e-01
1.318818818818818794e-01 9.876595923412517797e-01
1.321321321321321240e-01 2.914957409237228791e-01
1.323823823823823687e-01 7.707425309055516705e-01
1.326326326326326410e-01 4.274956503567591826e-01
1.328828828828828856e-01 2.062174050841398820e-01
1.331331331331331302e-01 7.997187639648611901e-01
1.333833833833833749e-01 3.336067890290431714e-01
1.336336336336336195e-01 8.651933473978110634e-01
1.338838838838838918e-01 9.152571849178230412e-01
1.341341341341341364e-01 8.598238353912759369e-01
1.343843843843843811e-01 3.500791480680565115e-02
1.346346346346346257e-01 7.873733450051055849e-01
1.348848848848848703e-01 4.113394664991438798e-01
1.351351351351351426e-01 8.737229201822250824e-01
1.353853853853853872e-01 6.379542626847387599e-01
1.356356356356356319e-01 8.336431341439584086e-01
1.358858858858858765e-01 4.994317698668353511e-01
1.361361361361361211e-01 5.350255045989328329e-01
1.363863863863863934e-01 1.443876321336672319e-01
1.366366366366366381e-01 7.839873586893554291e-01
1.368868868868868827e-01 4.193896116669716401e-01
1.371371371371371273e-01 5.000801182715826076e-01
1.373873873873873996e-01 7.850977140957076106e-01
1.376376376376376443e-01 5.988454000794389831e-01
1.378878878878878889e-01 2.010987274426674354e-01
1.381381381381381335e-01 5.902326591508927356e-01
1.383883883883883781e-01 4.076328579796557605e-01
1.386386386386386504e-01 4.695255420438626537e-01
1.388888888888888951e-01 2.831127440266778539e-02
1.391391391391391397e-01 2.100293495162816049e-01
1.393893893893893843e-01 2.810380813810282596e-01
1.396396396396396289e-01 7.129600078588057555e-01
1.398898898898899013e-01 1.149247329811531326e-02
1.401401401401401459e-01 4.087772612291320495e-01
1.403903903903903905e-01 9.240268704257328380e-01
1.406406406406406351e-01 1.118806165491238458e-01
1.408908908908908797e-01 5.164243882186110302e-01
1.411411411411411521e-01 7.865223823908470413e-01
1.413913913913913967e-01 9.425313075201167123e-01
1.416416416416416413e-01 7.467766395337179786e-01
1.418918918918918859e-01 7.205655486444061397e-01
1.421421421421421305e-01 8.264880901957624149e-01
1.423923923923924029e-01 4.462012209775436666e-01
1.426426426426426475e-01 8.058445326178330648e-01
1.428928928928928921e-01 7.964404745451125756e-03
1.431431431431431367e-01 9.245610553768048856e-01
1.433933933933933813e-01 4.433065095171753178e-01
1.436436436436436537e-01 5.533801878657476081e-01
1.438938938938938983e-01 2.548822489148823145e-01
1.441441441441441429e-01 7.425308328404214286e-01
1.443943943943943875e-01 7.663580647524881329e-02
1.446446446446446321e-01 8.726358025468352597e-01
1.448948948948949045e-01 8.281168290063427584e-01
1.451451451451451491e-01 2.160601162447663981e-01
1.453953953953953937e-01 8.093243982852623697e-01
1.456456456456456383e-01 7.863577330614814898e-01
1.458958958958958829e-01 6.322165977539490056e-01
1.461461461461461553e-01 3.735201768996875282e-01
1.463963963963963999e-01 2.714987541818678629e-01
1.466466466466466445e-01 2.317835902893500277e-01
1.468968968968968891e-01 3.186089627636071731e-01
1.471471471471471337e-01 9.035584434325303338e-01
1.473973973973974061e-01 7.764077598878127429e-02
1.476476476476476507e-01 8.288712762529586442e-01
1.478978978978978953e-01 3.488900750418235663e-01
1.481481481481481399e-01 5.215993960113581851e-01
1.483983983983983845e-01 7.944856336484906745e-01
1.486486486486486569e-01 8.843765470229713044e-01
1.488988988988989015e-01 3.447814200726470046e-01
1.491491491491491461e-01 4.618434812751103236e-01
1.493993993993993907e-01 4.145160648167922623e-01
1.496496496496496353e-01 1.325103350391054757e-02
1.498998998998999077e-01 2.959428888586566053e-01
1.501501501501501523e-01 4.591892337325618190e-01
1.504004004004003969e-01 4.110936088804397759e-01
1.506506506506506415e-01 7.219292275156794503e-01
1.509009009009008861e-01 3.848036172211032335e-01
1.511511511511511585e-01 4.893764489706702303e-01
1.514014014014014031e-01 4.296085921323633539e-01
1.516516516516516477e-01 7.406261488943705062e-01
1.519019019019018923e-01 8.629723989869625411e-01
1.521521521521521647e-01 5.318890790075141428e-01
1.524024024024024093e-01 7.894321941951911725e-01
1.526526526526526539e-01 2.967866820198505895e-01
1.529029029029028985e-01 5.413696101572686992e-01
1.531531531531531432e-01 3.452299536699724447e-01
1.534034034034034155e-01 4.142009255718303029e-01
1.536536536536536601e-01 7.324138648126685691e-01
1.539039039039039047e-01 8.816624823327127158e-01
1.541541541541541493e-01 1.214953910877654142e-01
1.544044044044043940e-01 6.346392564873805098e-01
1.546546546546546663e-01 5.821438075777984889e-01
1.549049049049049109e-01 1.184150391759318799e-01
1.551551551551551555e-01 2.118943304401090799e-01
1.554054054054054002e-01 3.110024947326802680e-01
1.556556556556556448e-01 1.669310708175014701e-01
1.559059059059059171e-01 2.437294825243417895e-01
1.561561561561561617e-01 2.676007988617075117e-01
1.564064064064064064e-01 3.356738330390596214e-01
1.566566566566566510e-01 7.493904528011590127e-01
1.569069069069068956e-01 5.719122038506007089e-01
1.571571571571571679e-01 9.862466719514014768e-01
1.574074074074074125e-01 4.147358269674710218e-01
1.576576576576576572e-01 7.538650738369250259e-01
1.579079079079079018e-01 8.714684213765337972e-01
1.581581581581581464e-01 6.789784930380419192e-01
1.584084084084084187e-01 4.118647404174959892e-01
1.586586586586586634e-01 7.535946307457529469e-01
1.589089089089089080e-01 2.036671377726848586e-01
1.591591591591591526e-01 3.275521651801324152e-01
1.594094094094093972e-01 5.466852550992887805e-01
1.596596596596596696e-01 5.754093872861483216e-01
1.599099099099099142e-01 2.214147547262945714e-02
1.601601601601601588e-01 9.451141887560087218e-01
1.604104104104104034e-01 6.966272712173899873e-01
1.606606606606606480e-01 4.957037502318910605e-01
1.609109109109109204e-01 9.331272344083083592e-01
1.611611611611611650e-01 4.390955652508284901e-01
1.614114114114114096e-01 9.804355702703717590e-01
1.616616616616616542e-01 5.122847572434851005e-01
1.619119119119118988e-01 1.142857699979794583e-01
1.621621621621621712e-01 7.648009724592772507e-01
1.624124124124124158e-01 6.788977250778405192e-01
1.626626626626626604e-01 7.729867213055867659e-01
1.629129129129129050e-01 9.514420287256810660e-01
1.631631631631631496e-01 7.764893026510181206e-01
1.634134134134134220e-01 6.113366022166468738e-01
1.636636636636636666e-01 8.573089023608408965e-01
1.639139139139139112e-01 6.732464393545315451e-01
1.641641641641641558e-01 4.081190568259230878e-01
1.644144144144144004e-01 8.856197642417732441e-01
1.646646646646646728e-01 2.219004607843728660e-01
1.649149149149149174e-01 7.146412749087242000e-01
1.651651651651651620e-01 8.815634549407569409e-01
1.654154154154154066e-01 7.313165197032962528e-01
1.656656656656656512e-01 6.972754190538569263e-01
1.659159159159159236e-01 7.526382940718360226e-01
1.661661661661661682e-01 4.650552483006443749e-01
1.664164164164164128e-01 8.741706821570259800e-01
1.666666666666666574e-01 2.034364751360911994e-01
1.669169169169169020e-01 1.273864160003392865e-01
1.671671671671671744e-01 2.855087801185115515e-01
1.674174174174174190e-01 5.315773967749931606e-01
1.676676676676676636e-01 5.105617954093381039e-01
1.679179179179179082e-01 8.205987576765866320e-01
1.681681681681681528e-01 4.045686564040174016e-01
1.684184184184184252e-01 4.843444262915086451e-01
1.686686686686686698e-01 1.336768325939563518e-02
1.689189189189189144e-01 4.097392364429390810e-01
1.691691691691691590e-01 6.477742329503420882e-01
1.694194194194194314e-01 1.550833062659218164e-02
1.696696696696696760e-01 2.808819651862437539e-01
1.699199199199199206e-01 2.079563592893899360e-01
1.701701701701701652e-01 4.198542890958822937e-02
1.704204204204204098e-01 4.792600899145375015e-01
1.706706706706706822e-01 1.817232932281565017e-01
1.709209209209209268e-01 7.430815396313801280e-01
1.711711711711711714e-01 8.479278837633484889e-01
1.714214214214214160e-01 5.455851826691477946e-01
1.716716716716716606e-01 9.817073425211415572e-01
1.719219219219219330e-01 4.504785714705953348e-01
1.721721721721721776e-01 5.133682102249155221e-01
1.724224224224224222e-01 9.892177539577501344e-01
1.726726726726726668e-01 2.315484359650488155e-01
1.729229229229229114e-01 9.425459396769052534e-01
1.731731731731731838e-01 4.283755511911324643e-02
1.734234234234234284e-01 4.463868902631947799e-01
1.736736736736736730e-01 7.000351213306577058e-02
1.739239239239239176e-01 7.292347429136429859e-01
1.741741741741741623e-01 6.084089358800177649e-01
1.744244244244244346e-01 7.066342634675963907e-01
1.746746746746746792e-01 3.744803999680169637e-01
1.749249249249249238e-01 3.694819340313802991e-01
1.751751751751751685e-01 4.531927896089460450e-02
1.754254254254254131e-01 3.499449395296397869e-01
1.756756756756756854e-01 9.292884022620594431e-01
1.759259259259259300e-01 3.792265371804489638e-01
1.761761761761761746e-01 8.313677062219699820e-01
1.764264264264264193e-01 8.423255047499340620e-01
1.766766766766766639e-01 3.732411563792338294e-01
1.769269269269269362e-01 6.319886803961890509e-01
1.771771771771771808e-01 9.537160227305863103e-02
1.774274274274274255e-01 1.036785807342764931e-01
1.776776776776776701e-01 4.865766366171331292e-02
1.779279279279279147e-01 5.810150933751094815e-01
1.781781781781781870e-01 4.260709776260970250e-01
1.784284284284284317e-01 5.480323566642401056e-01
1.786786786786786763e-01 5.210731905083878512e-01
1.789289289289289209e-01 3.502029910907302757e-01
1.791791791791791655e-01 6.774734148234728970e-01
1.794294294294294378e-01 7.585018809163907028e-01
1.796796796796796825e-01 1.462825887767571498e-02
1.799299299299299271e-01 2.072422997688783131e-01
1.801801801801801717e-01 7.132358680833368325e-01
1.804304304304304163e-01 3.866201726338341915e-01
1.806806806806806887e-01 6.624839469416081705e-01
1.809309309309309333e-01 3.469626597345584207e-01
1.811811811811811779e-01 3.907551523296370899e-01
1.814314314314314225e-01 1.586788736896849183e-01
1.816816816816816671e-01 2.582310196661600221e-01
1.819319319319319395e-01 6.054117575075872448e-01
1.821821821821821841e-01 4.331631113151663826e-01
1.824324324324324287e-01 7.743026829445951442e-01
1.826826826826826733e-01 8.525849549383427428e-01
1.829329329329329179e-01 5.416464182167598507e-01
1.831831831831831903e-01 7.582672920560591390e-01
1.834334334334334349e-01 3.069045131945700167e-01
1.836836836836836795e-01 4.149712154000781972e-01
1.839339339339339241e-01 7.127776762168309688e-01
1.841841841841841965e-01 3.862119928170306693e-01
1.844344344344344411e-01 5.885049351589888289e-01
1.846846846846846857e-01 1.853727790825114852e-01
1.849349349349349303e-01 5.997713149704979596e-01
1.851851851851851749e-01 8.615137072268935770e-01
1.854354354354354473e-01 8.686396398234256244e-01
1.856856856856856919e-01 7.243444063295396695e-01
1.859359359359359365e-01 7.457533790761260439e-01
1.861861861861861811e-01 5.579274451507006960e-01
1.864364364364364257e-01 5.846680901658247720e-01
1.866866866866866981e-01 1.336505814105179990e-01
1.869369369369369427e-01 4.438591884213011207e-01
1.871871871871871873e-01 4.507762838863638155e-01
1.874374374374374319e-01 9.584978356677401612e-01
1.876876876876876765e-01 4.310868626232894352e-01
1.879379379379379489e-01 5.493426449027576375e-01
1.881881881881881935e-01 5.332513992791024782e-01
1.884384384384384381e-01 6.367617170443271579e-01
1.886886886886886827e-01 7.482328313318958868e-01
1.889389389389389273e-01 2.250418761708721238e-01
1.891891891891891997e-01 5.287244190984357051e-01
1.894394394394394443e-01 8.259177073160304250e-01
1.896896896896896889e-01 4.631147138375114602e-01
1.899399399399399335e-01 2.784575463735730061e-01
1.901901901901901781e-01 6.547090753562990750e-01
1.904404404404404505e-01 8.237673957991229479e-01
1.906906906906906951e-01 6.314029292739131716e-02
1.909409409409409397e-01 7.767904834072271170e-01
1.911911911911911843e-01 8.216479329617711880e-01
1.914414414414414289e-01 4.615229275886068017e-01
1.916916916916917013e-01 9.833056568184673774e-01
1.919419419419419459e-01 7.867083407073091061e-01
1.921921921921921905e-01 7.736625648956657608e-01
1.924424424424424351e-01 7.478385744120717993e-01
1.926926926926926797e-01 1.506081032182740032e-01
1.929429429429429521e-01 2.172308864530108075e-01
1.931931931931931967e-01 4.639901314644250263e-01
1.934434434434434413e-01 2.640043499594658671e-01
1.936936936936936859e-01 4.152409723340404479e-01
1.939439439439439306e-01 8.884641099229206862e-01
1.941941941941942029e-01 8.243268918792692190e-01
1.944444444444444475e-01 6.300398784799822183e-01
1.946946946946946921e-01 8.581203942511035354e-01
1.949449449449449367e-01 7.837723890172492158e-01
1.951951951951951814e-01 4.289849318408904821e-01
1.954454454454454537e-01 2.010651520499451284e-01
1.956956956956956983e-01 5.142010400093391942e-01
1.959459459459459429e-01 7.362288825285501215e-01
1.961961961961961876e-01 4.364195987295930168e-01
1.964464464464464322e-01 6.667719097838972209e-01
1.966966966966967045e-01 9.432742629104362564e-02
1.969469469469469491e-01 7.480047363714034114e-01
1.971971971971971938e-01 8.127136198930620115e-01
1.974474474474474384e-01 7.068378557805411466e-01
1.976976976976976830e-01 9.672635875263655425e-01
1.979479479479479553e-01 8.266520574606404104e-01
1.981981981981981999e-01 9.030937278765382992e-01
1.984484484484484446e-01 9.335710834576480543e-01
1.986986986986986892e-01 8.013479918738085628e-01
1.989489489489489338e-01 6.742588420064991039e-01
1.991991991991992061e-01 5.718581360789287693e-03
1.994494494494494508e-01 4.658257532231246945e-01
1.996996996996996954e-01 5.711622986223610088e-01
1.999499499499499400e-01 3.040302724479996277e-01
2.002002002002001846e-01 3.181044469034720601e-01
2.004504504504504570e-01 9.611594157101651659e-01
2.007007007007007016e-01 8.917108652027458948e-01
2.009509509509509462e-01 8.491790055017042205e-01
2.012012012012011908e-01 4.060118017061106199e-01
2.014514514514514631e-01 1.369855040891454490e-02
2.017017017017017078e-01 8.022224645571407464e-02
2.019519519519519524e-01 3.121963682176036592e-01
2.022022022022021970e-01 1.574291299567698310e-02
2.024524524524524416e-01 1.714978191519811457e-02
2.027027027027027140e-01 9.166033016424109947e-01
2.029529529529529586e-01 7.061585021190540656e-01
2.032032032032032032e-01 3.089559900681526639e-01
2.034534534534534478e-01 1.326445776009531619e-01
2.037037037037036924e-01 5.116357178950771134e-01
2.039539539539539648e-01 5.346160854364456760e-03
2.042042042042042094e-01 9.384137438581440227e-01
2.044544544544544540e-01 4.148151193889472177e-01
2.047047047047046986e-01 4.023349552373327587e-01
2.049549549549549432e-01 3.905936075817821873e-01
2.052052052052052156e-01 6.932833038776475831e-02
2.054554554554554602e-01 6.383222397918265623e-01
2.057057057057057048e-01 7.330036196283533645e-01
2.059559559559559494e-01 6.761253975882902667e-01
2.062062062062061940e-01 1.384354933293943102e-01
2.064564564564564664e-01 5.788401680355925727e-01
2.067067067067067110e-01 5.694844841722538353e-01
2.069569569569569556e-01 8.684107879413820452e-01
2.072072072072072002e-01 3.791276583756469920e-01
2.074574574574574448e-01 3.714859436594342146e-01
2.077077077077077172e-01 6.185270587181855850e-01
2.079579579579579618e-01 6.330726534995130272e-01
2.082082082082082064e-01 4.692852273257903661e-01
2.084584584584584510e-01 4.430593623304210915e-01
2.087087087087086956e-01 4.941476706378826744e-01
2.089589589589589680e-01 8.610452995033118784e-01
2.092092092092092126e-01 4.611669012539100221e-01
2.094594594594594572e-01 9.399317919698224610e-01
2.097097097097097018e-01 5.040037635963260376e-01
2.099599599599599464e-01 9.492006931808913972e-01
2.102102102102102188e-01 8.328319018690757414e-01
2.104604604604604634e-01 3.624313226158291101e-01
2.107107107107107080e-01 8.636414212966160298e-01
2.109609609609609526e-01 1.100632842011152190e-01
2.112112112112111972e-01 9.250471753430145050e-01
2.114614614614614696e-01 6.316435150828916267e-01
2.117117117117117142e-01 5.439074852231118307e-02
2.119619619619619588e-01 6.442567236508115469e-01
2.122122122122122034e-01 9.742476541447561145e-01
2.124624624624624480e-01 6.980065461462892085e-02
2.127127127127127204e-01 5.546877097800863021e-01
2.129629629629629650e-01 7.477943497593724231e-01
2.132132132132132096e-01 8.102585866995313246e-01
2.134634634634634542e-01 4.138274653207958398e-01
2.137137137137136988e-01 2.041665591682430003e-01
2.139639639639639712e-01 4.234227877238383453e-02
2.142142142142142158e-01 5.797261570972247480e-01
2.144644644644644604e-01 4.529110702676107936e-01
2.147147147147147050e-01 9.487443951497109840e-01
2.149649649649649497e-01 6.060490771490978368e-02
2.152152152152152220e-01 6.853953434460057226e-01
2.154654654654654666e-01 2.496622212005716879e-02
2.157157157157157112e-01 1.714341767105427294e-01
2.159659659659659559e-01 4.535789999228341252e-01
2.162162162162162282e-01 4.548724428028682043e-01
2.164664664664664728e-01 6.857005429336439084e-01
2.167167167167167174e-01 9.102130348677566207e-01
2.169669669669669620e-01 6.390321589149208226e-01
2.172172172172172067e-01 9.535350978515088061e-01
2.174674674674674790e-01 8.816156398779976255e-01
2.177177177177177236e-01 5.844997955307902338e-01
2.179679679679679682e-01 8.337919509188272960e-01
2.182182182182182129e-01 6.425776103236340298e-01
2.184684684684684575e-01 7.855783092372714549e-02
2.187187187187187298e-01 7.405647232595099494e-01
2.189689689689689744e-01 9.490844126734621078e-02
2.192192192192192191e-01 5.940827805697124209e-01
2.194694694694694637e-01 7.026402058582288390e-01
2.197197197197197083e-01 6.652760821085523801e-02
2.199699699699699806e-01 2.307946539265317565e-01
2.202202202202202252e-01 9.156722322616498433e-01
2.204704704704704699e-01 6.163144922328963604e-01
2.207207207207207145e-01 2.462860188105315817e-01
2.209709709709709591e-01 6.906797711480066049e-01
2.212212212212212314e-01 5.967764199616896192e-01
2.214714714714714761e-01 5.015756999179483699e-01
2.217217217217217207e-01 9.761869749880837110e-01
2.219719719719719653e-01 6.834537774075089001e-01
2.222222222222222099e-01 3.754411096679126647e-01
2.224724724724724823e-01 8.000734320768679853e-01
2.227227227227227269e-01 8.845832929211877582e-01
2.229729729729729715e-01 1.252205595168314201e-01
2.232232232232232161e-01 2.005529778452664891e-01
2.234734734734734607e-01 2.162270091277797013e-01
2.237237237237237331e-01 6.912118093865403656e-01
2.239739739739739777e-01 6.030395550532833271e-01
2.242242242242242223e-01 6.189915646985881814e-01
2.244744744744744669e-01 9.407732996895009636e-01
2.247247247247247115e-01 7.759115328073059592e-01
2.249749749749749839e-01 1.279369245117831788e-01
2.252252252252252285e-01 3.475070824251810242e-01
2.254754754754754731e-01 4.353936461757356158e-01
2.257257257257257177e-01 3.959615887476048979e-01
2.259759759759759623e-01 6.693086091618791755e-01
2.262262262262262347e-01 8.918931032565625694e-01
2.264764764764764793e-01 3.060514635227880031e-01
2.267267267267267239e-01 5.518771364211856323e-01
2.269769769769769685e-01 7.894094219135856516e-01
2.272272272272272131e-01 4.162180588453493479e-01
2.274774774774774855e-01 1.681181283992958519e-01
2.277277277277277301e-01 4.749509652637482482e-01
2.279779779779779747e-01 5.522252074302846925e-02
2.282282282282282193e-01 9.423834540022768547e-01
2.284784784784784639e-01 7.482120519497303945e-02
2.287287287287287363e-01 4.384567152505781662e-01
2.289789789789789809e-01 5.298812610885261787e-01
2.292292292292292255e-01 9.853038322872854637e-01
2.294794794794794701e-01 1.660218236428607774e-01
2.297297297297297147e-01 1.144315186123585626e-01
2.299799799799799871e-01 8.706147062543578841e-03
2.302302302302302317e-01 1.555714368693023042e-01
2.304804804804804763e-01 2.072729790676676176e-01
2.307307307307307209e-01 6.305809415830923026e-01
2.309809809809809655e-01 2.197067903914003972e-01
2.312312312312312379e-01 2.052081472932520967e-02
2.314814814814814825e-01 8.266183455024886939e-01
2.317317317317317271e-01 3.655957010039667665e-01
2.319819819819819717e-01 3.536966865807339433e-01
2.322322322322322163e-01 3.024790291679265719e-01
2.324824824824824887e-01 9.753732771464208584e-01
2.327327327327327333e-01 1.701154173092814803e-01
2.329829829829829779e-01 8.982380639532351330e-01
2.332332332332332225e-01 7.768033321398879476e-01
2.334834834834834949e-01 7.647995549931307924e-02
2.337337337337337395e-01 9.867291015008486932e-01
2.339839839839839841e-01 2.713659635390105462e-01
2.342342342342342287e-01 9.858292702241233663e-02
2.344844844844844733e-01 8.293142341257594419e-01
2.347347347347347457e-01 7.066755336776998631e-01
2.349849849849849903e-01 6.172188058779007891e-01
2.352352352352352349e-01 1.559808636989331587e-01
2.354854854854854795e-01 4.784961162559618897e-01
2.357357357357357242e-01 7.805560268872138163e-01
2.359859859859859965e-01 3.036239381438402551e-01
2.362362362362362411e-01 3.116898285150414560e-01
2.364864864864864857e-01 3.140906048122116268e-03
2.367367367367367303e-01 1.742434016453795476e-01
2.369869869869869750e-01 8.754056251218342855e-01
2.372372372372372473e-01 4.417464916377070727e-01
2.374874874874874919e-01 9.842344992344339571e-01
2.377377377377377365e-01 3.957079635737925649e-01
2.379879879879879812e-01 7.151864547802412320e-01
2.382382382382382258e-01 2.819190429047291335e-01
2.384884884884884981e-01 3.638096411409335040e-01
2.387387387387387427e-01 1.907259875908946523e-01
2.389889889889889873e-01 3.470623684993949798e-01
2.392392392392392320e-01 5.472375204206431087e-01
2.394894894894894766e-01 9.917728809792494271e-01
2.397397397397397489e-01 6.642017130717856599e-01
2.399899899899899935e-01 1.992459544083140521e-01
2.402402402402402382e-01 4.496144159155113229e-02
2.404904904904904828e-01 1.263564813145106047e-01
2.407407407407407274e-01 5.625552012730473672e-01
2.409909909909909997e-01 7.651603288167663219e-01
2.412412412412412444e-01 9.404192073007469066e-01
2.414914914914914890e-01 1.582317199682081732e-02
2.417417417417417336e-01 5.227601415618697844e-01
2.419919919919919782e-01 4.708673562231767695e-01
2.422422422422422505e-01 6.560550219757039780e-01
2.424924924924924952e-01 5.595788544653419461e-01
2.427427427427427398e-01 6.870391505824805511e-01
2.429929929929929844e-01 6.580825847491903469e-01
2.432432432432432290e-01 1.170117248579461977e-01
2.434934934934935014e-01 7.997179136187195780e-01
2.437437437437437460e-01 1.232325757163248436e-01
2.439939939939939906e-01 6.985306252091371126e-01
2.442442442442442352e-01 4.161453676406067226e-01
2.444944944944944798e-01 5.138507345765979117e-01
2.447447447447447522e-01 9.032980143757105562e-01
2.449949949949949968e-01 8.898837264734865693e-01
2.452452452452452414e-01 8.178563056550295363e-01
2.454954954954954860e-01 5.101483804563232693e-01
2.457457457457457306e-01 7.362398101338331058e-01
2.459959959959960030e-01 5.128970555188093750e-01
2.462462462462462476e-01 8.696060824747774420e-01
2.464964964964964922e-01 4.027758332328998936e-01
2.467467467467467368e-01 9.702353444148767991e-01
2.469969969969969814e-01 9.323227582288775572e-01
2.472472472472472538e-01 7.416026194517855163e-01
2.474974974974974984e-01 2.794158841760719936e-01
2.477477477477477430e-01 1.316535887932583915e-01
2.479979979979979876e-01 8.547034500931974810e-01
2.482482482482482600e-01 1.653022861379612740e-01
2.484984984984985046e-01 8.542607889973357072e-01
2.487487487487487492e-01 4.907650067123604520e-01
2.489989989989989938e-01 4.065567838081042273e-01
2.492492492492492384e-01 9.031907788344291088e-01
2.494994994994995108e-01 6.038509825402779141e-01
2.497497497497497554e-01 5.766140071297177760e-01
2.500000000000000000e-01 5.587659446243976591e-01
