8.250000000000000389e-02 1.995262314968879513e+00 1.000000000000035083e+00
1.145000000000000046e-01 1.995262314968879513e+00 1.000000001869679078e+00
2.175000000000000197e-02 1.995262314968879513e+00 1.000000000000000000e+00
9.299999999999999933e-02 1.995262314968879513e+00 1.000000000002687850e+00
2.475000000000000117e-02 1.995262314968879513e+00 1.000000000000000000e+00
2.177499999999999991e-01 1.995262314968879513e+00 1.001144530821856948e+00
1.657500000000000084e-01 1.995262314968879513e+00 1.000012647623080175e+00
3.250000000000000111e-02 1.995262314968879513e+00 1.000000000000000000e+00
1.652500000000000080e-01 1.995262314968879513e+00 1.000011926102828630e+00
7.699999999999999900e-02 1.995262314968879513e+00 1.000000000000002220e+00
1.922500000000000042e-01 1.995262314968879513e+00 1.000177091290427089e+00
8.575000000000000677e-02 1.995262314968879513e+00 1.000000000000148326e+00
1.227499999999999980e-01 1.995262314968879513e+00 1.000000012785114079e+00
1.032500000000000084e-01 1.995262314968879513e+00 1.000000000084126484e+00
2.012500000000000122e-01 1.995262314968879513e+00 1.000364233121398660e+00
9.625000000000000222e-02 1.995262314968879513e+00 1.000000000008629764e+00
4.775000000000000078e-02 1.995262314968879513e+00 1.000000000000000000e+00
2.387500000000000178e-01 1.995262314968879513e+00 1.003760184714464376e+00
6.900000000000000577e-02 1.995262314968879513e+00 1.000000000000000000e+00
4.000000000000000083e-02 1.995262314968879513e+00 1.000000000000000000e+00
1.147500000000000048e-01 1.995262314968879513e+00 1.000000001989734599e+00
7.825000000000000011e-02 1.995262314968879513e+00 1.000000000000004663e+00
5.250000000000000326e-03 1.995262314968879513e+00 1.000000000000000000e+00
6.300000000000000044e-02 1.995262314968879513e+00 1.000000000000000000e+00
1.867499999999999993e-01 1.995262314968879513e+00 1.000109615939779539e+00
2.139999999999999958e-01 1.995262314968879513e+00 1.000898432719928621e+00
1.400000000000000133e-01 1.995262314968879513e+00 1.000000343335339492e+00
1.185000000000000081e-01 1.995262314968879513e+00 1.000000004907312778e+00
1.450000000000000074e-02 1.995262314968879513e+00 1.000000000000000000e+00
1.275000000000000022e-01 1.995262314968879513e+00 1.000000034591754128e+00
1.702500000000000124e-01 1.995262314968879513e+00 1.000021102410185714e+00
1.187500000000000083e-01 1.995262314968879513e+00 1.000000005201368891e+00
1.747500000000000164e-01 1.995262314968879513e+00 1.000034217291391414e+00
2.437499999999999944e-01 1.995262314968879513e+00 1.004812275003702959e+00
1.955000000000000071e-01 1.995262314968879513e+00 1.000231785682223595e+00
4.725000000000000033e-02 1.995262314968879513e+00 1.000000000000000000e+00
2.392500000000000182e-01 1.995262314968879513e+00 1.003856318127769987e+00
1.715000000000000135e-01 1.995262314968879513e+00 1.000024201733703322e+00
2.392500000000000182e-01 1.995262314968879513e+00 1.003856318127769987e+00
1.405000000000000138e-01 1.995262314968879513e+00 1.000000373111832541e+00
2.187500000000000000e-01 1.995262314968879513e+00 1.001218836134031731e+00
1.415000000000000147e-01 1.995262314968879513e+00 1.000000439839308752e+00
6.074999999999999845e-02 1.995262314968879513e+00 1.000000000000000000e+00
2.077500000000000180e-01 1.995262314968879513e+00 1.000586515462473347e+00
1.260000000000000009e-01 1.995262314968879513e+00 1.000000025466754705e+00
3.250000000000000111e-02 1.995262314968879513e+00 1.000000000000000000e+00
1.209999999999999964e-01 1.995262314968879513e+00 1.000000008688767039e+00
2.045000000000000151e-01 1.995262314968879513e+00 1.000464229957913842e+00
1.615000000000000047e-01 1.995262314968879513e+00 1.000007581537805557e+00
5.000000000000000104e-03 1.995262314968879513e+00 1.000000000000000000e+00
2.099999999999999922e-01 1.995262314968879513e+00 1.000686185477658752e+00
4.150000000000000216e-02 1.995262314968879513e+00 1.000000000000000000e+00
6.825000000000000511e-02 1.995262314968879513e+00 1.000000000000000000e+00
9.675000000000000266e-02 1.995262314968879513e+00 1.000000000010258905e+00
1.499999999999999944e-01 1.995262314968879513e+00 1.000001625455082976e+00
7.875000000000000056e-02 1.995262314968879513e+00 1.000000000000005995e+00
3.250000000000000284e-03 1.995262314968879513e+00 1.000000000000000000e+00
6.024999999999999800e-02 1.995262314968879513e+00 1.000000000000000000e+00
1.940000000000000058e-01 1.995262314968879513e+00 1.000204969951951517e+00
8.625000000000000722e-02 1.995262314968879513e+00 1.000000000000183631e+00
1.410000000000000142e-01 1.995262314968879513e+00 1.000000405225412115e+00
2.242500000000000049e-01 1.995262314968879513e+00 1.001702237247233507e+00
8.475000000000000588e-02 1.995262314968879513e+00 1.000000000000095923e+00
2.274999999999999939e-02 1.995262314968879513e+00 1.000000000000000000e+00
9.149999999999999800e-02 1.995262314968879513e+00 1.000000000001528777e+00
2.387500000000000178e-01 1.995262314968879513e+00 1.003760184714464376e+00
1.135000000000000037e-01 1.995262314968879513e+00 1.000000001453769993e+00
1.067499999999999977e-01 1.995262314968879513e+00 1.000000000236135778e+00
1.270000000000000018e-01 1.995262314968879513e+00 1.000000031259948186e+00
1.937500000000000056e-01 1.995262314968879513e+00 1.000200770267872574e+00
2.355000000000000149e-01 1.995262314968879513e+00 1.003180867643381324e+00
8.500000000000000611e-03 1.995262314968879513e+00 1.000000000000000000e+00
5.125000000000000389e-02 1.995262314968879513e+00 1.000000000000000000e+00
2.000000000000000042e-02 1.995262314968879513e+00 1.000000000000000000e+00
2.327500000000000124e-01 1.995262314968879513e+00 1.002748606644502605e+00
1.402500000000000135e-01 1.995262314968879513e+00 1.000000357941278839e+00
2.177499999999999991e-01 1.995262314968879513e+00 1.001144530821856948e+00
9.675000000000000266e-02 1.995262314968879513e+00 1.000000000010258905e+00
2.500000000000000052e-04 1.995262314968879513e+00 1.000000000000000000e+00
9.725000000000000311e-02 1.995262314968879513e+00 1.000000000012175594e+00
1.412500000000000144e-01 1.995262314968879513e+00 1.000000422209237794e+00
2.624999999999999903e-02 1.995262314968879513e+00 1.000000000000000000e+00
1.927500000000000047e-01 1.995262314968879513e+00 1.000184701932049336e+00
2.052500000000000158e-01 1.995262314968879513e+00 1.000490341229325564e+00
1.190000000000000085e-01 1.995262314968879513e+00 1.000000005511721080e+00
1.755000000000000171e-01 1.995262314968879513e+00 1.000036990362979772e+00
1.002500000000000058e-01 1.995262314968879513e+00 1.000000000032891245e+00
1.822499999999999953e-01 1.995262314968879513e+00 1.000072261941314489e+00
1.387500000000000122e-01 1.995262314968879513e+00 1.000000278131345510e+00
4.025000000000000105e-02 1.995262314968879513e+00 1.000000000000000000e+00
5.025000000000000300e-02 1.995262314968879513e+00 1.000000000000000000e+00
2.392500000000000182e-01 1.995262314968879513e+00 1.003856318127769987e+00
2.487499999999999989e-01 1.995262314968879513e+00 1.006083610203273304e+00
6.725000000000000422e-02 1.995262314968879513e+00 1.000000000000000000e+00
2.154999999999999971e-01 1.995262314968879513e+00 1.000990972415323421e+00
2.037500000000000144e-01 1.995262314968879513e+00 1.000439304039810740e+00
6.750000000000000444e-02 1.995262314968879513e+00 1.000000000000000000e+00
1.137500000000000039e-01 1.995262314968879513e+00 1.000000001548776440e+00
1.152500000000000052e-01 1.995262314968879513e+00 1.000000002251689946e+00
1.814999999999999947e-01 1.995262314968879513e+00 1.000067262993969308e+00
6.275000000000000022e-02 1.995262314968879513e+00 1.000000000000000000e+00
1.752500000000000169e-01 1.995262314968879513e+00 1.000036044822518067e+00
7.374999999999999611e-02 1.995262314968879513e+00 1.000000000000000000e+00
1.809999999999999942e-01 1.995262314968879513e+00 1.000064100506039333e+00
1.797499999999999931e-01 1.995262314968879513e+00 1.000056755804036079e+00
1.869999999999999996e-01 1.995262314968879513e+00 1.000112109446849251e+00
8.425000000000000544e-02 1.995262314968879513e+00 1.000000000000076605e+00
2.195000000000000007e-01 1.995262314968879513e+00 1.001277143450361784e+00
1.300000000000000114e-02 1.995262314968879513e+00 1.000000000000000000e+00
1.977500000000000091e-01 1.995262314968879513e+00 1.000277621532483563e+00
2.302500000000000102e-01 1.995262314968879513e+00 1.002397941948420357e+00
5.399999999999999939e-02 1.995262314968879513e+00 1.000000000000000000e+00
1.907500000000000029e-01 1.995262314968879513e+00 1.000155856065044757e+00
4.674999999999999989e-02 1.995262314968879513e+00 1.000000000000000000e+00
9.475000000000000089e-02 1.995262314968879513e+00 1.000000000005084155e+00
1.229999999999999982e-01 1.995262314968879513e+00 1.000000013498414608e+00
1.000000000000000021e-02 1.995262314968879513e+00 1.000000000000000000e+00
3.899999999999999994e-02 1.995262314968879513e+00 1.000000000000000000e+00
3.500000000000000073e-03 1.995262314968879513e+00 1.000000000000000000e+00
2.030000000000000138e-01 1.995262314968879513e+00 1.000415520365098621e+00
1.600000000000000033e-02 1.995262314968879513e+00 1.000000000000000000e+00
2.139999999999999958e-01 1.995262314968879513e+00 1.000898432719928621e+00
2.094999999999999918e-01 1.995262314968879513e+00 1.000662890981868447e+00
1.300000000000000044e-01 1.995262314968879513e+00 1.000000056729871245e+00
8.575000000000000677e-02 1.995262314968879513e+00 1.000000000000148326e+00
3.200000000000000067e-02 1.995262314968879513e+00 1.000000000000000000e+00
1.617500000000000049e-01 1.995262314968879513e+00 1.000007819474051152e+00
1.177500000000000074e-01 1.995262314968879513e+00 1.000000004115190411e+00
8.250000000000000389e-02 2.960932939627083371e+00 1.000000000055426330e+00
1.145000000000000046e-01 2.960932939627083371e+00 1.000000941735715410e+00
2.175000000000000197e-02 2.960932939627083371e+00 1.000000000000000000e+00
9.299999999999999933e-02 2.960932939627083371e+00 1.000000002837360791e+00
2.475000000000000117e-02 2.960932939627083371e+00 1.000000000000000000e+00
2.177499999999999991e-01 2.960932939627083371e+00 1.047217542491314601e+00
1.657500000000000084e-01 2.960932939627083371e+00 1.001567332695931789e+00
3.250000000000000111e-02 2.960932939627083371e+00 1.000000000000000000e+00
1.652500000000000080e-01 2.960932939627083371e+00 1.001495598273733689e+00
7.699999999999999900e-02 2.960932939627083371e+00 1.000000000004669376e+00
1.922500000000000042e-01 2.960932939627083371e+00 1.012140276740342015e+00
8.575000000000000677e-02 2.960932939627083371e+00 1.000000000207167838e+00
1.227499999999999980e-01 2.960932939627083371e+00 1.000004988103275760e+00
1.032500000000000084e-01 2.960932939627083371e+00 1.000000061493090842e+00
2.012500000000000122e-01 2.960932939627083371e+00 1.020739514303192097e+00
9.625000000000000222e-02 2.960932939627083371e+00 1.000000008081204372e+00
4.775000000000000078e-02 2.960932939627083371e+00 1.000000000000000000e+00
2.387500000000000178e-01 2.960932939627083371e+00 1.106210891041286226e+00
6.900000000000000577e-02 2.960932939627083371e+00 1.000000000000065059e+00
4.000000000000000083e-02 2.960932939627083371e+00 1.000000000000000000e+00
1.147500000000000048e-01 2.960932939627083371e+00 1.000000994272634447e+00
7.825000000000000011e-02 2.960932939627083371e+00 1.000000000008435475e+00
5.250000000000000326e-03 2.960932939627083371e+00 1.000000000000000000e+00
6.300000000000000044e-02 2.960932939627083371e+00 1.000000000000001332e+00
1.867499999999999993e-01 2.960932939627083371e+00 1.008448003655182168e+00
2.139999999999999958e-01 2.960932939627083371e+00 1.039802529142916265e+00
1.400000000000000133e-01 2.960932939627083371e+00 1.000081790687103789e+00
1.185000000000000081e-01 2.960932939627083371e+00 1.000002180058293666e+00
1.450000000000000074e-02 2.960932939627083371e+00 1.000000000000000000e+00
1.275000000000000022e-01 2.960932939627083371e+00 1.000011720815402239e+00
1.702500000000000124e-01 2.960932939627083371e+00 1.002352682522522187e+00
1.187500000000000083e-01 2.960932939627083371e+00 1.000002292880148413e+00
1.747500000000000164e-01 2.960932939627083371e+00 1.003439754135608375e+00
2.437499999999999944e-01 2.960932939627083371e+00 1.124814124004372085e+00
1.955000000000000071e-01 2.960932939627083371e+00 1.014847172487812088e+00
4.725000000000000033e-02 2.960932939627083371e+00 1.000000000000000000e+00
2.392500000000000182e-01 2.960932939627083371e+00 1.107992134727315614e+00
1.715000000000000135e-01 2.960932939627083371e+00 1.002621175233952000e+00
2.392500000000000182e-01 2.960932939627083371e+00 1.107992134727315614e+00
1.405000000000000138e-01 2.960932939627083371e+00 1.000087686439987911e+00
2.187500000000000000e-01 2.960932939627083371e+00 1.049345858385482000e+00
1.415000000000000147e-01 2.960932939627083371e+00 1.000100612787681698e+00
6.074999999999999845e-02 2.960932939627083371e+00 1.000000000000000000e+00
2.077500000000000180e-01 2.960932939627083371e+00 1.029335467980715846e+00
1.260000000000000009e-01 2.960932939627083371e+00 1.000009017853326743e+00
3.250000000000000111e-02 2.960932939627083371e+00 1.000000000000000000e+00
1.209999999999999964e-01 2.960932939627083371e+00 1.000003574554691133e+00
2.045000000000000151e-01 2.960932939627083371e+00 1.024763027678807781e+00
1.615000000000000047e-01 2.960932939627083371e+00 1.001040423201236873e+00
5.000000000000000104e-03 2.960932939627083371e+00 1.000000000000000000e+00
2.099999999999999922e-01 2.960932939627083371e+00 1.032841717259676440e+00
4.150000000000000216e-02 2.960932939627083371e+00 1.000000000000000000e+00
6.825000000000000511e-02 2.960932939627083371e+00 1.000000000000041744e+00
9.675000000000000266e-02 2.960932939627083371e+00 1.000000009434093506e+00
1.499999999999999944e-01 2.960932939627083371e+00 1.000297274726832386e+00
7.875000000000000056e-02 2.960932939627083371e+00 1.000000000010633272e+00
3.250000000000000284e-03 2.960932939627083371e+00 1.000000000000000000e+00
6.024999999999999800e-02 2.960932939627083371e+00 1.000000000000000000e+00
1.940000000000000058e-01 2.960932939627083371e+00 1.013545618835696605e+00
8.625000000000000722e-02 2.960932939627083371e+00 1.000000000251597410e+00
1.410000000000000142e-01 2.960932939627083371e+00 1.000093953880050845e+00
2.242500000000000049e-01 2.960932939627083371e+00 1.062230074930921475e+00
8.475000000000000588e-02 2.960932939627083371e+00 1.000000000139527279e+00
2.274999999999999939e-02 2.960932939627083371e+00 1.000000000000000000e+00
9.149999999999999800e-02 2.960932939627083371e+00 1.000000001707235908e+00
2.387500000000000178e-01 2.960932939627083371e+00 1.106210891041286226e+00
1.135000000000000037e-01 2.960932939627083371e+00 1.000000756002677349e+00
1.067499999999999977e-01 2.960932939627083371e+00 1.000000153229570587e+00
1.270000000000000018e-01 2.960932939627083371e+00 1.000010748186060949e+00
1.937500000000000056e-01 2.960932939627083371e+00 1.013337525695218844e+00
2.355000000000000149e-01 2.960932939627083371e+00 1.095063887151660476e+00
8.500000000000000611e-03 2.960932939627083371e+00 1.000000000000000000e+00
5.125000000000000389e-02 2.960932939627083371e+00 1.000000000000000000e+00
2.000000000000000042e-02 2.960932939627083371e+00 1.000000000000000000e+00
2.327500000000000124e-01 2.960932939627083371e+00 1.086216267356614029e+00
1.402500000000000135e-01 2.960932939627083371e+00 1.000084693307060180e+00
2.177499999999999991e-01 2.960932939627083371e+00 1.047217542491314601e+00
9.675000000000000266e-02 2.960932939627083371e+00 1.000000009434093506e+00
2.500000000000000052e-04 2.960932939627083371e+00 1.000000000000000000e+00
9.725000000000000311e-02 2.960932939627083371e+00 1.000000010995894639e+00
1.412500000000000144e-01 2.960932939627083371e+00 1.000097233131919117e+00
2.624999999999999903e-02 2.960932939627083371e+00 1.000000000000000000e+00
1.927500000000000047e-01 2.960932939627083371e+00 1.012529709833986269e+00
2.052500000000000158e-01 2.960932939627083371e+00 1.025768128820325309e+00
1.190000000000000085e-01 2.960932939627083371e+00 1.000002410992076651e+00
1.755000000000000171e-01 2.960932939627083371e+00 1.003655699128932710e+00
1.002500000000000058e-01 2.960932939627083371e+00 1.000000026691503896e+00
1.822499999999999953e-01 2.960932939627083371e+00 1.006142287446765815e+00
1.387500000000000122e-01 2.960932939627083371e+00 1.000068554862461712e+00
4.025000000000000105e-02 2.960932939627083371e+00 1.000000000000000000e+00
5.025000000000000300e-02 2.960932939627083371e+00 1.000000000000000000e+00
2.392500000000000182e-01 2.960932939627083371e+00 1.107992134727315614e+00
2.487499999999999989e-01 2.960932939627083371e+00 1.145151088713300958e+00
6.725000000000000422e-02 2.960932939627083371e+00 1.000000000000022871e+00
2.154999999999999971e-01 2.960932939627083371e+00 1.042662665467140704e+00
2.037500000000000144e-01 2.960932939627083371e+00 1.023787167707375323e+00
6.750000000000000444e-02 2.960932939627083371e+00 1.000000000000026645e+00
1.137500000000000039e-01 2.960932939627083371e+00 1.000000798989526096e+00
1.152500000000000052e-01 2.960932939627083371e+00 1.000001107472678896e+00
1.814999999999999947e-01 2.960932939627083371e+00 1.005812606836584688e+00
6.275000000000000022e-02 2.960932939627083371e+00 1.000000000000000888e+00
1.752500000000000169e-01 2.960932939627083371e+00 1.003582519124025962e+00
7.374999999999999611e-02 2.960932939627083371e+00 1.000000000000917266e+00
1.809999999999999942e-01 2.960932939627083371e+00 1.005600832879022910e+00
1.797499999999999931e-01 2.960932939627083371e+00 1.005098474799389185e+00
1.869999999999999996e-01 2.960932939627083371e+00 1.008593781115372456e+00
8.425000000000000544e-02 2.960932939627083371e+00 1.000000000114116050e+00
2.195000000000000007e-01 2.960932939627083371e+00 1.050984696140922381e+00
1.300000000000000114e-02 2.960932939627083371e+00 1.000000000000000000e+00
1.977500000000000091e-01 2.960932939627083371e+00 1.016976498018815178e+00
2.302500000000000102e-01 2.960932939627083371e+00 1.078636976483043020e+00
5.399999999999999939e-02 2.960932939627083371e+00 1.000000000000000000e+00
1.907500000000000029e-01 2.960932939627083371e+00 1.011028101732005524e+00
4.674999999999999989e-02 2.960932939627083371e+00 1.000000000000000000e+00
9.475000000000000089e-02 2.960932939627083371e+00 1.000000005029705541e+00
1.229999999999999982e-01 2.960932939627083371e+00 1.000005226900213762e+00
1.000000000000000021e-02 2.960932939627083371e+00 1.000000000000000000e+00
3.899999999999999994e-02 2.960932939627083371e+00 1.000000000000000000e+00
3.500000000000000073e-03 2.960932939627083371e+00 1.000000000000000000e+00
2.030000000000000138e-01 2.960932939627083371e+00 1.022840086711337415e+00
1.600000000000000033e-02 2.960932939627083371e+00 1.000000000000000000e+00
2.139999999999999958e-01 2.960932939627083371e+00 1.039802529142916265e+00
2.094999999999999918e-01 2.960932939627083371e+00 1.032037717854353165e+00
1.300000000000000044e-01 2.960932939627083371e+00 1.000017876386611437e+00
8.575000000000000677e-02 2.960932939627083371e+00 1.000000000207167838e+00
3.200000000000000067e-02 2.960932939627083371e+00 1.000000000000000000e+00
1.617500000000000049e-01 2.960932939627083371e+00 1.001066592739102701e+00
1.177500000000000074e-01 2.960932939627083371e+00 1.000001871240567386e+00
8.250000000000000389e-02 4.393970560760790178e+00 1.000000188552470748e+00
1.145000000000000046e-01 4.393970560760790178e+00 1.000567889822822965e+00
2.175000000000000197e-02 4.393970560760790178e+00 1.000000000000000000e+00
9.299999999999999933e-02 4.393970560760790178e+00 1.000005227077721104e+00
2.475000000000000117e-02 4.393970560760790178e+00 1.000000000000000000e+00
2.177499999999999991e-01 4.393970560760790178e+00 1.689247585376671301e+00
1.657500000000000084e-01 4.393970560760790178e+00 1.112412469574748375e+00
3.250000000000000111e-02 4.393970560760790178e+00 1.000000000000000000e+00
1.652500000000000080e-01 4.393970560760790178e+00 1.109204999394034941e+00
7.699999999999999900e-02 4.393970560760790178e+00 1.000000022385113985e+00
1.922500000000000042e-01 4.393970560760790178e+00 1.362083150041869528e+00
8.575000000000000677e-02 4.393970560760790178e+00 1.000000579694419134e+00
1.227499999999999980e-01 4.393970560760790178e+00 1.002041215755651304e+00
1.032500000000000084e-01 4.393970560760790178e+00 1.000065140369287731e+00
2.012500000000000122e-01 4.393970560760790178e+00 1.473760459602059703e+00
9.625000000000000222e-02 4.393970560760790178e+00 1.000012435462027893e+00
4.775000000000000078e-02 4.393970560760790178e+00 1.000000000000000000e+00
2.387500000000000178e-01 4.393970560760790178e+00 1.947169343188030810e+00
6.900000000000000577e-02 4.393970560760790178e+00 1.000000000537295541e+00
4.000000000000000083e-02 4.393970560760790178e+00 1.000000000000000000e+00
1.147500000000000048e-01 4.393970560760790178e+00 1.000592389623683465e+00
7.825000000000000011e-02 4.393970560760790178e+00 1.000000037350847304e+00
5.250000000000000326e-03 4.393970560760790178e+00 1.000000000000000000e+00
6.300000000000000044e-02 4.393970560760790178e+00 1.000000000017522428e+00
1.867499999999999993e-01 4.393970560760790178e+00 1.298875088920033560e+00
2.139999999999999958e-01 4.393970560760790178e+00 1.640252623328404713e+00
1.400000000000000133e-01 4.393970560760790178e+00 1.015801449853773297e+00
1.185000000000000081e-01 4.393970560760790178e+00 1.001086602162501782e+00
1.450000000000000074e-02 4.393970560760790178e+00 1.000000000000000000e+00
1.275000000000000022e-01 4.393970560760790178e+00 1.003870761941894951e+00
1.702500000000000124e-01 4.393970560760790178e+00 1.143958944703320935e+00
1.187500000000000083e-01 4.393970560760790178e+00 1.001129490177309123e+00
1.747500000000000164e-01 4.393970560760790178e+00 1.180297978826674976e+00
2.437499999999999944e-01 4.393970560760790178e+00 2.002475471943743202e+00
1.955000000000000071e-01 4.393970560760790178e+00 1.401428840253878150e+00
4.725000000000000033e-02 4.393970560760790178e+00 1.000000000000000000e+00
2.392500000000000182e-01 4.393970560760790178e+00 1.952820885895486747e+00
1.715000000000000135e-01 4.393970560760790178e+00 1.153576650710991469e+00
2.392500000000000182e-01 4.393970560760790178e+00 1.952820885895486747e+00
1.405000000000000138e-01 4.393970560760790178e+00 1.016594284528703929e+00
2.187500000000000000e-01 4.393970560760790178e+00 1.702230872862357636e+00
1.415000000000000147e-01 4.393970560760790178e+00 1.018273513732472990e+00
6.074999999999999845e-02 4.393970560760790178e+00 1.000000000004089395e+00
2.077500000000000180e-01 4.393970560760790178e+00 1.558180691544733154e+00
1.260000000000000009e-01 4.393970560760790178e+00 1.003184617091333219e+00
3.250000000000000111e-02 4.393970560760790178e+00 1.000000000000000000e+00
1.209999999999999964e-01 4.393970560760790178e+00 1.001585509044315314e+00
2.045000000000000151e-01 4.393970560760790178e+00 1.515735110594853108e+00
1.615000000000000047e-01 4.393970560760790178e+00 1.087026888280660852e+00
5.000000000000000104e-03 4.393970560760790178e+00 1.000000000000000000e+00
2.099999999999999922e-01 4.393970560760790178e+00 1.587714217834899966e+00
4.150000000000000216e-02 4.393970560760790178e+00 1.000000000000000000e+00
6.825000000000000511e-02 4.393970560760790178e+00 1.000000000361913388e+00
9.675000000000000266e-02 4.393970560760790178e+00 1.000014126300900807e+00
1.499999999999999944e-01 4.393970560760790178e+00 1.038420898419968985e+00
7.875000000000000056e-02 4.393970560760790178e+00 1.000000045621909361e+00
3.250000000000000284e-03 4.393970560760790178e+00 1.000000000000000000e+00
6.024999999999999800e-02 4.393970560760790178e+00 1.000000000002917222e+00
1.940000000000000058e-01 4.393970560760790178e+00 1.383107768629237677e+00
8.625000000000000722e-02 4.393970560760790178e+00 1.000000683482687558e+00
1.410000000000000142e-01 4.393970560760790178e+00 1.017418046651684671e+00
2.242500000000000049e-01 4.393970560760790178e+00 1.772713791356322677e+00
8.475000000000000588e-02 4.393970560760790178e+00 1.000000414381827074e+00
2.274999999999999939e-02 4.393970560760790178e+00 1.000000000000000000e+00
9.149999999999999800e-02 4.393970560760790178e+00 1.000003422650941554e+00
2.387500000000000178e-01 4.393970560760790178e+00 1.947169343188030810e+00
1.135000000000000037e-01 4.393970560760790178e+00 1.000478492996822233e+00
1.067499999999999977e-01 4.393970560760790178e+00 1.000135594175628473e+00
1.270000000000000018e-01 4.393970560760790178e+00 1.003629524604744416e+00
1.937500000000000056e-01 4.393970560760790178e+00 1.380080375532579451e+00
2.355000000000000149e-01 4.393970560760790178e+00 1.909797964105538481e+00
8.500000000000000611e-03 4.393970560760790178e+00 1.000000000000000000e+00
5.125000000000000389e-02 4.393970560760790178e+00 1.000000000000001998e+00
2.000000000000000042e-02 4.393970560760790178e+00 1.000000000000000000e+00
2.327500000000000124e-01 4.393970560760790178e+00 1.877342517154035884e+00
1.402500000000000135e-01 4.393970560760790178e+00 1.016194049751856676e+00
2.177499999999999991e-01 4.393970560760790178e+00 1.689247585376671301e+00
9.675000000000000266e-02 4.393970560760790178e+00 1.000014126300900807e+00
2.500000000000000052e-04 4.393970560760790178e+00 1.000000000000000000e+00
9.725000000000000311e-02 4.393970560760790178e+00 1.000016023036258028e+00
1.412500000000000144e-01 4.393970560760790178e+00 1.017841768385198353e+00
2.624999999999999903e-02 4.393970560760790178e+00 1.000000000000000000e+00
1.927500000000000047e-01 4.393970560760790178e+00 1.368049632761910939e+00
2.052500000000000158e-01 4.393970560760790178e+00 1.525497446543546909e+00
1.190000000000000085e-01 4.393970560760790178e+00 1.001173825527660544e+00
1.755000000000000171e-01 4.393970560760790178e+00 1.186810891474677554e+00
1.002500000000000058e-01 4.393970560760790178e+00 1.000033105398564270e+00
1.822499999999999953e-01 4.393970560760790178e+00 1.250985404107989085e+00
1.387500000000000122e-01 4.393970560760790178e+00 1.013949595462298792e+00
4.025000000000000105e-02 4.393970560760790178e+00 1.000000000000000000e+00
5.025000000000000300e-02 4.393970560760790178e+00 1.000000000000000222e+00
2.392500000000000182e-01 4.393970560760790178e+00 1.952820885895486747e+00
2.487499999999999989e-01 4.393970560760790178e+00 2.055045029540238488e+00
6.725000000000000422e-02 4.393970560760790178e+00 1.000000000210782281e+00
2.154999999999999971e-01 4.393970560760790178e+00 1.659898909974958814e+00
2.037500000000000144e-01 4.393970560760790178e+00 1.505997812691543203e+00
6.750000000000000444e-02 4.393970560760790178e+00 1.000000000241644926e+00
1.137500000000000039e-01 4.393970560760790178e+00 1.000499604398160436e+00
1.152500000000000052e-01 4.393970560760790178e+00 1.000644160464694954e+00
1.814999999999999947e-01 4.393970560760790178e+00 1.243381343875793021e+00
6.275000000000000022e-02 4.393970560760790178e+00 1.000000000014981794e+00
1.752500000000000169e-01 4.393970560760790178e+00 1.184625683461803858e+00
7.374999999999999611e-02 4.393970560760790178e+00 1.000000005435765615e+00
1.809999999999999942e-01 4.393970560760790178e+00 1.238375127777966433e+00
1.797499999999999931e-01 4.393970560760790178e+00 1.226085102615646294e+00
1.869999999999999996e-01 4.393970560760790178e+00 1.301643204822331867e+00
8.425000000000000544e-02 4.393970560760790178e+00 1.000000349221369822e+00
2.195000000000000007e-01 4.393970560760790178e+00 1.711939327872558536e+00
1.300000000000000114e-02 4.393970560760790178e+00 1.000000000000000000e+00
1.977500000000000091e-01 4.393970560760790178e+00 1.429372455394854802e+00
2.302500000000000102e-01 4.393970560760790178e+00 1.847211056783622407e+00
5.399999999999999939e-02 4.393970560760790178e+00 1.000000000000025313e+00
1.907500000000000029e-01 4.393970560760790178e+00 1.344390046067143629e+00
4.674999999999999989e-02 4.393970560760790178e+00 1.000000000000000000e+00
9.475000000000000089e-02 4.393970560760790178e+00 1.000008405539389633e+00
1.229999999999999982e-01 4.393970560760790178e+00 1.002114605684390369e+00
1.000000000000000021e-02 4.393970560760790178e+00 1.000000000000000000e+00
3.899999999999999994e-02 4.393970560760790178e+00 1.000000000000000000e+00
3.500000000000000073e-03 4.393970560760790178e+00 1.000000000000000000e+00
2.030000000000000138e-01 4.393970560760790178e+00 1.496288613487156693e+00
1.600000000000000033e-02 4.393970560760790178e+00 1.000000000000000000e+00
2.139999999999999958e-01 4.393970560760790178e+00 1.640252623328404713e+00
2.094999999999999918e-01 4.393970560760790178e+00 1.581145731421750966e+00
1.300000000000000044e-01 4.393970560760790178e+00 1.005286528846270677e+00
8.575000000000000677e-02 4.393970560760790178e+00 1.000000579694419134e+00
3.200000000000000067e-02 4.393970560760790178e+00 1.000000000000000000e+00
1.617500000000000049e-01 4.393970560760790178e+00 1.088403312831246250e+00
1.177500000000000074e-01 4.393970560760790178e+00 1.000966238848528533e+00
8.250000000000000389e-02 6.520572293428614330e+00 1.000506673226402299e+00
1.145000000000000046e-01 6.520572293428614330e+00 1.116494761512952127e+00
2.175000000000000197e-02 6.520572293428614330e+00 1.000000000000000000e+00
9.299999999999999933e-02 6.520572293428614330e+00 1.005622402927152770e+00
2.475000000000000117e-02 6.520572293428614330e+00 1.000000000000000000e+00
2.177499999999999991e-01 6.520572293428614330e+00 2.794698133876484913e+00
1.657500000000000084e-01 6.520572293428614330e+00 2.254749064656708324e+00
3.250000000000000111e-02 6.520572293428614330e+00 1.000000000000000000e+00
1.652500000000000080e-01 6.520572293428614330e+00 2.245056377901030853e+00
7.699999999999999900e-02 6.520572293428614330e+00 1.000100371112110365e+00
1.922500000000000042e-01 6.520572293428614330e+00 2.616702191490811291e+00
8.575000000000000677e-02 6.520572293428614330e+00 1.001163614009299652e+00
1.227499999999999980e-01 6.520572293428614330e+00 1.237688166224796937e+00
1.032500000000000084e-01 6.520572293428614330e+00 1.030737304804830501e+00
2.012500000000000122e-01 6.520572293428614330e+00 2.690432120980455366e+00
9.625000000000000222e-02 6.520572293428614330e+00 1.010227965546464990e+00
4.775000000000000078e-02 6.520572293428614330e+00 1.000000000007852163e+00
2.387500000000000178e-01 6.520572293428614330e+00 2.899667529130785848e+00
6.900000000000000577e-02 6.520572293428614330e+00 1.000005306827556062e+00
4.000000000000000083e-02 6.520572293428614330e+00 1.000000000000001110e+00
1.147500000000000048e-01 6.520572293428614330e+00 1.119387925507666415e+00
7.825000000000000011e-02 6.520572293428614330e+00 1.000148765279295526e+00
5.250000000000000326e-03 6.520572293428614330e+00 1.000000000000000000e+00
6.300000000000000044e-02 6.520572293428614330e+00 1.000000325405356660e+00
1.867499999999999993e-01 6.520572293428614330e+00 2.562337143691554076e+00
2.139999999999999958e-01 6.520572293428614330e+00 2.773402544557968863e+00
1.400000000000000133e-01 6.520572293428614330e+00 1.634405183874352518e+00
1.185000000000000081e-01 6.520572293428614330e+00 1.168604192258687613e+00
1.450000000000000074e-02 6.520572293428614330e+00 1.000000000000000000e+00
1.275000000000000022e-01 6.520572293428614330e+00 1.330815309874540553e+00
1.702500000000000124e-01 6.520572293428614330e+00 2.336652758113524353e+00
1.187500000000000083e-01 6.520572293428614330e+00 1.172277441936034892e+00
1.747500000000000164e-01 6.520572293428614330e+00 2.409190276956011623e+00
2.437499999999999944e-01 6.520572293428614330e+00 2.922333340389722256e+00
1.955000000000000071e-01 6.520572293428614330e+00 2.645236698540398113e+00
4.725000000000000033e-02 6.520572293428614330e+00 1.000000000004901191e+00
2.392500000000000182e-01 6.520572293428614330e+00 2.901964242146596984e+00
1.715000000000000135e-01 6.520572293428614330e+00 2.357721160989806108e+00
2.392500000000000182e-01 6.520572293428614330e+00 2.901964242146596984e+00
1.405000000000000138e-01 6.520572293428614330e+00 1.647554698531368045e+00
2.187500000000000000e-01 6.520572293428614330e+00 2.800202558898432059e+00
1.415000000000000147e-01 6.520572293428614330e+00 1.673933102496830472e+00
6.074999999999999845e-02 6.520572293428614330e+00 1.000000097145588462e+00
2.077500000000000180e-01 6.520572293428614330e+00 2.735130960017330359e+00
1.260000000000000009e-01 6.520572293428614330e+00 1.299705594089753724e+00
3.250000000000000111e-02 6.520572293428614330e+00 1.000000000000000000e+00
1.209999999999999964e-01 6.520572293428614330e+00 1.207544498759468121e+00
2.045000000000000151e-01 6.520572293428614330e+00 2.713509467422717147e+00
1.615000000000000047e-01 6.520572293428614330e+00 2.168599155009373725e+00
5.000000000000000104e-03 6.520572293428614330e+00 1.000000000000000000e+00
2.099999999999999922e-01 6.520572293428614330e+00 2.749364013345190649e+00
4.150000000000000216e-02 6.520572293428614330e+00 1.000000000000009548e+00
6.825000000000000511e-02 6.520572293428614330e+00 1.000003860704179459e+00
9.675000000000000266e-02 6.520572293428614330e+00 1.011155424341553921e+00
1.499999999999999944e-01 6.520572293428614330e+00 1.896880968804499190e+00
7.875000000000000056e-02 6.520572293428614330e+00 1.000173359917292393e+00
3.250000000000000284e-03 6.520572293428614330e+00 1.000000000000000000e+00
6.024999999999999800e-02 6.520572293428614330e+00 1.000000073255422173e+00
1.940000000000000058e-01 6.520572293428614330e+00 2.632365303000449241e+00
8.625000000000000722e-02 6.520572293428614330e+00 1.001312633116994144e+00
1.410000000000000142e-01 6.520572293428614330e+00 1.660732484065840620e+00
2.242500000000000049e-01 6.520572293428614330e+00 2.829369108128436672e+00
8.475000000000000588e-02 6.520572293428614330e+00 1.000909144363348879e+00
2.274999999999999939e-02 6.520572293428614330e+00 1.000000000000000000e+00
9.149999999999999800e-02 6.520572293428614330e+00 1.004176523393044640e+00
2.387500000000000178e-01 6.520572293428614330e+00 2.899667529130785848e+00
1.135000000000000037e-01 6.520572293428614330e+00 1.105396190373692633e+00
1.067499999999999977e-01 6.520572293428614330e+00 1.048995075046776249e+00
1.270000000000000018e-01 6.520572293428614330e+00 1.320279965767949815e+00
1.937500000000000056e-01 6.520572293428614330e+00 2.630171435413450887e+00
2.355000000000000149e-01 6.520572293428614330e+00 2.884560694707881012e+00
8.500000000000000611e-03 6.520572293428614330e+00 1.000000000000000000e+00
5.125000000000000389e-02 6.520572293428614330e+00 1.000000000163071556e+00
2.000000000000000042e-02 6.520572293428614330e+00 1.000000000000000000e+00
2.327500000000000124e-01 6.520572293428614330e+00 2.871517470795539317e+00
1.402500000000000135e-01 6.520572293428614330e+00 1.640976065862091993e+00
2.177499999999999991e-01 6.520572293428614330e+00 2.794698133876484913e+00
9.675000000000000266e-02 6.520572293428614330e+00 1.011155424341553921e+00
2.500000000000000052e-04 6.520572293428614330e+00 1.000000000000000000e+00
9.725000000000000311e-02 6.520572293428614330e+00 1.012150684423231528e+00
1.412500000000000144e-01 6.520572293428614330e+00 1.667330277330412835e+00
2.624999999999999903e-02 6.520572293428614330e+00 1.000000000000000000e+00
1.927500000000000047e-01 6.520572293428614330e+00 2.621251293094326140e+00
2.052500000000000158e-01 6.520572293428614330e+00 2.718619712909488673e+00
1.190000000000000085e-01 6.520572293428614330e+00 1.175999897843002406e+00
1.755000000000000171e-01 6.520572293428614330e+00 2.420408515115111570e+00
1.002500000000000058e-01 6.520572293428614330e+00 1.019749336476456714e+00
1.822499999999999953e-01 6.520572293428614330e+00 2.511087643076894693e+00
1.387500000000000122e-01 6.520572293428614330e+00 1.601691102847544457e+00
4.025000000000000105e-02 6.520572293428614330e+00 1.000000000000001776e+00
5.025000000000000300e-02 6.520572293428614330e+00 1.000000000071675110e+00
2.392500000000000182e-01 6.520572293428614330e+00 2.901964242146596984e+00
2.487499999999999989e-01 6.520572293428614330e+00 2.944386134816986633e+00
6.725000000000000422e-02 6.520572293428614330e+00 1.000002493712742080e+00
2.154999999999999971e-01 6.520572293428614330e+00 2.782051618796792969e+00
2.037500000000000144e-01 6.520572293428614330e+00 2.708321830431314137e+00
6.750000000000000444e-02 6.520572293428614330e+00 1.000002785566050933e+00
1.137500000000000039e-01 6.520572293428614330e+00 1.108100163995469067e+00
1.152500000000000052e-01 6.520572293428614330e+00 1.125317903904816896e+00
1.814999999999999947e-01 6.520572293428614330e+00 2.501873920760274483e+00
6.275000000000000022e-02 6.520572293428614330e+00 1.000000285865925598e+00
1.752500000000000169e-01 6.520572293428614330e+00 2.416695920961799526e+00
7.374999999999999611e-02 6.520572293428614330e+00 1.000033366559674342e+00
1.809999999999999942e-01 6.520572293428614330e+00 2.495617971485276865e+00
1.797499999999999931e-01 6.520572293428614330e+00 2.479570831392521324e+00
1.869999999999999996e-01 6.520572293428614330e+00 2.564994022185710154e+00
8.425000000000000544e-02 6.520572293428614330e+00 1.000801239642050255e+00
2.195000000000000007e-01 6.520572293428614330e+00 2.804286996685990463e+00
1.300000000000000114e-02 6.520572293428614330e+00 1.000000000000000000e+00
1.977500000000000091e-01 6.520572293428614330e+00 2.663660050936085266e+00
2.302500000000000102e-01 6.520572293428614330e+00 2.859429419399414307e+00
5.399999999999999939e-02 6.520572293428614330e+00 1.000000001327240540e+00
1.907500000000000029e-01 6.520572293428614330e+00 2.602683200485071957e+00
4.674999999999999989e-02 6.520572293428614330e+00 1.000000000003028022e+00
9.475000000000000089e-02 6.520572293428614330e+00 1.007818320922919675e+00
1.229999999999999982e-01 6.520572293428614330e+00 1.242184412089346379e+00
1.000000000000000021e-02 6.520572293428614330e+00 1.000000000000000000e+00
3.899999999999999994e-02 6.520572293428614330e+00 1.000000000000000000e+00
3.500000000000000073e-03 6.520572293428614330e+00 1.000000000000000000e+00
2.030000000000000138e-01 6.520572293428614330e+00 2.703053847315324720e+00
1.600000000000000033e-02 6.520572293428614330e+00 1.000000000000000000e+00
2.139999999999999958e-01 6.520572293428614330e+00 2.773402544557968863e+00
2.094999999999999918e-01 6.520572293428614330e+00 2.746248826947045085e+00
1.300000000000000044e-01 6.520572293428614330e+00 1.385820286749035457e+00
8.575000000000000677e-02 6.520572293428614330e+00 1.001163614009299652e+00
3.200000000000000067e-02 6.520572293428614330e+00 1.000000000000000000e+00
1.617500000000000049e-01 6.520572293428614330e+00 2.173900662333389189e+00
1.177500000000000074e-01 6.520572293428614330e+00 1.157879765465528177e+00
8.250000000000000389e-02 9.676410537094536579e+00 1.204837606600886346e+00
1.145000000000000046e-01 9.676410537094536579e+00 2.593751522057925918e+00
2.175000000000000197e-02 9.676410537094536579e+00 1.000000000000000000e+00
9.299999999999999933e-02 9.676410537094536579e+00 1.626799876316644244e+00
2.475000000000000117e-02 9.676410537094536579e+00 1.000000000000000000e+00
2.177499999999999991e-01 9.676410537094536579e+00 3.304397853099821702e+00
1.657500000000000084e-01 9.676410537094536579e+00 3.115011802324206602e+00
3.250000000000000111e-02 9.676410537094536579e+00 1.000000000000014877e+00
1.652500000000000080e-01 9.676410537094536579e+00 3.112937285163517753e+00
7.699999999999999900e-02 9.676410537094536579e+00 1.085008703838289401e+00
1.922500000000000042e-01 9.676410537094536579e+00 3.217276302654232367e+00
8.575000000000000677e-02 9.676410537094536579e+00 1.310283501220216529e+00
1.227499999999999980e-01 9.676410537094536579e+00 2.792620588177063379e+00
1.032500000000000084e-01 9.676410537094536579e+00 2.146090851125562082e+00
2.012500000000000122e-01 9.676410537094536579e+00 3.249186295011694092e+00
9.625000000000000222e-02 9.676410537094536579e+00 1.791417452536145483e+00
4.775000000000000078e-02 9.676410537094536579e+00 1.000000771698386748e+00
2.387500000000000178e-01 9.676410537094536579e+00 3.368924925162480655e+00
6.900000000000000577e-02 9.676410537094536579e+00 1.014284189124174729e+00
4.000000000000000083e-02 9.676410537094536579e+00 1.000000000635870467e+00
1.147500000000000048e-01 9.676410537094536579e+00 2.601313478200911078e+00
7.825000000000000011e-02 9.676410537094536579e+00 1.106087885397575743e+00
5.250000000000000326e-03 9.676410537094536579e+00 1.000000000000000000e+00
6.300000000000000044e-02 9.676410537094536579e+00 1.002227046331870985e+00
1.867499999999999993e-01 9.676410537094536579e+00 3.197119146023447822e+00
2.139999999999999958e-01 9.676410537094536579e+00 3.292211309832200783e+00
1.400000000000000133e-01 9.676410537094536579e+00 2.987222703174035932e+00
1.185000000000000081e-01 9.676410537094536579e+00 2.702644193631352110e+00
1.450000000000000074e-02 9.676410537094536579e+00 1.000000000000000000e+00
1.275000000000000022e-01 9.676410537094536579e+00 2.867896324526663765e+00
1.702500000000000124e-01 9.676410537094536579e+00 3.133386734093705606e+00
1.187500000000000083e-01 9.676410537094536579e+00 2.708628014153503294e+00
1.747500000000000164e-01 9.676410537094536579e+00 3.151292855348778232e+00
2.437499999999999944e-01 9.676410537094536579e+00 3.383398761261615650e+00
1.955000000000000071e-01 9.676410537094536579e+00 3.228950728992231234e+00
4.725000000000000033e-02 9.676410537094536579e+00 1.000000530002364885e+00
2.392500000000000182e-01 9.676410537094536579e+00 3.370387220600314482e+00
1.715000000000000135e-01 9.676410537094536579e+00 3.138404564091050730e+00
2.392500000000000182e-01 9.676410537094536579e+00 3.370387220600314482e+00
1.405000000000000138e-01 9.676410537094536579e+00 2.990577788130866832e+00
2.187500000000000000e-01 9.676410537094536579e+00 3.307612610662762354e+00
1.415000000000000147e-01 9.676410537094536579e+00 2.997086998782765743e+00
6.074999999999999845e-02 9.676410537094536579e+00 1.000958221430300332e+00
2.077500000000000180e-01 9.676410537094536579e+00 3.271432433691038977e+00
1.260000000000000009e-01 9.676410537094536579e+00 2.846587161926213749e+00
3.250000000000000111e-02 9.676410537094536579e+00 1.000000000000014877e+00
1.209999999999999964e-01 9.676410537094536579e+00 2.758486336994506960e+00
2.045000000000000151e-01 9.676410537094536579e+00 3.260391609964358395e+00
1.615000000000000047e-01 9.676410537094536579e+00 3.097133638323717797e+00
5.000000000000000104e-03 9.676410537094536579e+00 1.000000000000000000e+00
2.099999999999999922e-01 9.676410537094536579e+00 3.278980998972330863e+00
4.150000000000000216e-02 9.676410537094536579e+00 1.000000003203504573e+00
6.825000000000000511e-02 9.676410537094536579e+00 1.011640249158575644e+00
9.675000000000000266e-02 9.676410537094536579e+00 1.817210032034302758e+00
1.499999999999999944e-01 9.676410537094536579e+00 3.044555969473419665e+00
7.875000000000000056e-02 9.676410537094536579e+00 1.115482751315056253e+00
3.250000000000000284e-03 9.676410537094536579e+00 1.000000000000000000e+00
6.024999999999999800e-02 9.676410537094536579e+00 1.000784657631746066e+00
1.940000000000000058e-01 9.676410537094536579e+00 3.223584064949691186e+00
8.625000000000000722e-02 9.676410537094536579e+00 1.328764960401586537e+00
1.410000000000000142e-01 9.676410537094536579e+00 2.993864768345698923e+00
2.242500000000000049e-01 9.676410537094536579e+00 3.325034421888791059e+00
8.475000000000000588e-02 9.676410537094536579e+00 1.275090921110591191e+00
2.274999999999999939e-02 9.676410537094536579e+00 1.000000000000000000e+00
9.149999999999999800e-02 9.676410537094536579e+00 1.554090666731527959e+00
2.387500000000000178e-01 9.676410537094536579e+00 3.368924925162480655e+00
1.135000000000000037e-01 9.676410537094536579e+00 2.562454423955225380e+00
1.067499999999999977e-01 9.676410537094536579e+00 2.306771956875816709e+00
1.270000000000000018e-01 9.676410537094536579e+00 2.861021823433457456e+00
1.937500000000000056e-01 9.676410537094536579e+00 3.222686042010505680e+00
2.355000000000000149e-01 9.676410537094536579e+00 3.359338237997544496e+00
8.500000000000000611e-03 9.676410537094536579e+00 1.000000000000000000e+00
5.125000000000000389e-02 9.676410537094536579e+00 1.000008343801893629e+00
2.000000000000000042e-02 9.676410537094536579e+00 1.000000000000000000e+00
2.327500000000000124e-01 9.676410537094536579e+00 3.351114652816876482e+00
1.402500000000000135e-01 9.676410537094536579e+00 2.988908974383769124e+00
2.177499999999999991e-01 9.676410537094536579e+00 3.304397853099821702e+00
9.675000000000000266e-02 9.676410537094536579e+00 1.817210032034302758e+00
2.500000000000000052e-04 9.676410537094536579e+00 1.000000000000000000e+00
9.725000000000000311e-02 9.676410537094536579e+00 1.843042212598049678e+00
1.412500000000000144e-01 9.676410537094536579e+00 2.995483773484969525e+00
2.624999999999999903e-02 9.676410537094536579e+00 1.000000000000000000e+00
1.927500000000000047e-01 9.676410537094536579e+00 3.219083673354474318e+00
2.052500000000000158e-01 9.676410537094536579e+00 3.262954002678738252e+00
1.190000000000000085e-01 9.676410537094536579e+00 2.714520383571773277e+00
1.755000000000000171e-01 9.676410537094536579e+00 3.154236169206842799e+00
1.002500000000000058e-01 9.676410537094536579e+00 1.997263951061765797e+00
1.822499999999999953e-01 9.676410537094536579e+00 3.180241016827279665e+00
1.387500000000000122e-01 9.676410537094536579e+00 2.978513616648219564e+00
4.025000000000000105e-02 9.676410537094536579e+00 1.000000000840576719e+00
5.025000000000000300e-02 9.676410537094536579e+00 1.000004407168436416e+00
2.392500000000000182e-01 9.676410537094536579e+00 3.370387220600314482e+00
2.487499999999999989e-01 9.676410537094536579e+00 3.397545855163867312e+00
6.725000000000000422e-02 9.676410537094536579e+00 1.008758852779618742e+00
2.154999999999999971e-01 9.676410537094536579e+00 3.297110906677148456e+00
2.037500000000000144e-01 9.676410537094536579e+00 3.257820457741655407e+00
6.750000000000000444e-02 9.676410537094536579e+00 1.009416137986332229e+00
1.137500000000000039e-01 9.676410537094536579e+00 2.570436987710750021e+00
1.152500000000000052e-01 9.676410537094536579e+00 2.616126157297316901e+00
1.814999999999999947e-01 9.676410537094536579e+00 3.177393190563885916e+00
6.275000000000000022e-02 9.676410537094536579e+00 1.002036652917762893e+00
1.752500000000000169e-01 9.676410537094536579e+00 3.153256314034516006e+00
7.374999999999999611e-02 9.676410537094536579e+00 1.044676973242737450e+00
1.809999999999999942e-01 9.676410537094536579e+00 3.175489004056185838e+00
1.797499999999999931e-01 9.676410537094536579e+00 3.170708612880865473e+00
1.869999999999999996e-01 9.676410537094536579e+00 3.198046499512745111e+00
8.425000000000000544e-02 9.676410537094536579e+00 1.258399453117806654e+00
2.195000000000000007e-01 9.676410537094536579e+00 3.310014089952082905e+00
1.300000000000000114e-02 9.676410537094536579e+00 1.000000000000000000e+00
1.977500000000000091e-01 9.676410537094536579e+00 3.236932186492017749e+00
2.302500000000000102e-01 9.676410537094536579e+00 3.343548628716846327e+00
5.399999999999999939e-02 9.676410537094536579e+00 1.000041412520713546e+00
1.907500000000000029e-01 9.676410537094536579e+00 3.211829301464130371e+00
4.674999999999999989e-02 9.676410537094536579e+00 1.000000360475241212e+00
9.475000000000000089e-02 9.676410537094536579e+00 1.714575610750826318e+00
1.229999999999999982e-01 9.676410537094536579e+00 2.797189432699195066e+00
1.000000000000000021e-02 9.676410537094536579e+00 1.000000000000000000e+00
3.899999999999999994e-02 9.676410537094536579e+00 1.000000000199889216e+00
3.500000000000000073e-03 9.676410537094536579e+00 1.000000000000000000e+00
2.030000000000000138e-01 9.676410537094536579e+00 3.255240515629710618e+00
1.600000000000000033e-02 9.676410537094536579e+00 1.000000000000000000e+00
2.139999999999999958e-01 9.676410537094536579e+00 3.292211309832200783e+00
2.094999999999999918e-01 9.676410537094536579e+00 3.277310212380407872e+00
1.300000000000000044e-01 9.676410537094536579e+00 2.899161749897346763e+00
8.575000000000000677e-02 9.676410537094536579e+00 1.310283501220216529e+00
3.200000000000000067e-02 9.676410537094536579e+00 1.000000000000005995e+00
1.617500000000000049e-01 9.676410537094536579e+00 3.098201812243948972e+00
1.177500000000000074e-01 9.676410537094536579e+00 2.684134582958272564e+00
8.250000000000000389e-02 1.435961701962215109e+01 3.059201585350370234e+00
1.145000000000000046e-01 1.435961701962215109e+01 3.311411319328119607e+00
2.175000000000000197e-02 1.435961701962215109e+01 1.000000000000000000e+00
9.299999999999999933e-02 1.435961701962215109e+01 3.217318166342701957e+00
2.475000000000000117e-02 1.435961701962215109e+01 1.000000000000002442e+00
2.177499999999999991e-01 1.435961701962215109e+01 3.590618447749469588e+00
1.657500000000000084e-01 1.435961701962215109e+01 3.467940124879481445e+00
3.250000000000000111e-02 1.435961701962215109e+01 1.000000026457770419e+00
1.652500000000000080e-01 1.435961701962215109e+01 3.466598837840333847e+00
7.699999999999999900e-02 1.435961701962215109e+01 2.841968264795957211e+00
1.922500000000000042e-01 1.435961701962215109e+01 3.534438065328096901e+00
8.575000000000000677e-02 1.435961701962215109e+01 3.132523050948927246e+00
1.227499999999999980e-01 1.435961701962215109e+01 3.339429204984410759e+00
1.032500000000000084e-01 1.435961701962215109e+01 3.270146059150198514e+00
2.012500000000000122e-01 1.435961701962215109e+01 3.555090253349608709e+00
9.625000000000000222e-02 1.435961701962215109e+01 3.238000819751022608e+00
4.775000000000000078e-02 1.435961701962215109e+01 1.010817930210973659e+00
2.387500000000000178e-01 1.435961701962215109e+01 3.631789105986163779e+00
6.900000000000000577e-02 1.435961701962215109e+01 2.246216144831959305e+00
4.000000000000000083e-02 1.435961701962215109e+01 1.000090845479765234e+00
1.147500000000000048e-01 1.435961701962215109e+01 3.312279801999412854e+00
7.825000000000000011e-02 1.435961701962215109e+01 2.904022945492583663e+00
5.250000000000000326e-03 1.435961701962215109e+01 1.000000000000000000e+00
6.300000000000000044e-02 1.435961701962215109e+01 1.673508608154760990e+00
1.867499999999999993e-01 1.435961701962215109e+01 3.521351731142766450e+00
2.139999999999999958e-01 1.435961701962215109e+01 3.582799691222515737e+00
1.400000000000000133e-01 1.435961701962215109e+01 3.394317959585570144e+00
1.185000000000000081e-01 1.435961701962215109e+01 3.325153800965755302e+00
1.450000000000000074e-02 1.435961701962215109e+01 1.000000000000000000e+00
1.275000000000000022e-01 1.435961701962215109e+01 3.355019886098681514e+00
1.702500000000000124e-01 1.435961701962215109e+01 3.479862100790183099e+00
1.187500000000000083e-01 1.435961701962215109e+01 3.326002446769328547e+00
1.747500000000000164e-01 1.435961701962215109e+01 3.491518957841198034e+00
2.437499999999999944e-01 1.435961701962215109e+01 3.640969131564506522e+00
1.955000000000000071e-01 1.435961701962215109e+01 3.542003319356922919e+00
4.725000000000000033e-02 1.435961701962215109e+01 1.008561894215978416e+00
2.392500000000000182e-01 1.435961701962215109e+01 3.632717502091803219e+00
1.715000000000000135e-01 1.435961701962215109e+01 3.483126458816425242e+00
2.392500000000000182e-01 1.435961701962215109e+01 3.632717502091803219e+00
1.405000000000000138e-01 1.435961701962215109e+01 3.395839454227540966e+00
2.187500000000000000e-01 1.435961701962215109e+01 3.592678761617375649e+00
1.415000000000000147e-01 1.435961701962215109e+01 3.398871080049134630e+00
6.074999999999999845e-02 1.435961701962215109e+01 1.480874870829948620e+00
2.077500000000000180e-01 1.435961701962215109e+01 3.569437615054846802e+00
1.260000000000000009e-01 1.435961701962215109e+01 3.350136854109274864e+00
3.250000000000000111e-02 1.435961701962215109e+01 1.000000026457770419e+00
1.209999999999999964e-01 1.435961701962215109e+01 3.333589512227614460e+00
2.045000000000000151e-01 1.435961701962215109e+01 3.562322294866413053e+00
1.615000000000000047e-01 1.435961701962215109e+01 3.456431675584132446e+00
5.000000000000000104e-03 1.435961701962215109e+01 1.000000000000000000e+00
2.099999999999999922e-01 1.435961701962215109e+01 3.574296212564130659e+00
4.150000000000000216e-02 1.435961701962215109e+01 1.000285873656303393e+00
6.825000000000000511e-02 1.435961701962215109e+01 2.175784381024719938e+00
9.675000000000000266e-02 1.435961701962215109e+01 3.240720528996770433e+00
1.499999999999999944e-01 1.435961701962215109e+01 3.424038140940599106e+00
7.875000000000000056e-02 1.435961701962215109e+01 2.926578677621675340e+00
3.250000000000000284e-03 1.435961701962215109e+01 1.000000000000000000e+00
6.024999999999999800e-02 1.435961701962215109e+01 1.441946678296413653e+00
1.940000000000000058e-01 1.435961701962215109e+01 3.538526948022599594e+00
8.625000000000000722e-02 1.435961701962215109e+01 3.141237693946898890e+00
1.410000000000000142e-01 1.435961701962215109e+01 3.397357157916925718e+00
2.242500000000000049e-01 1.435961701962215109e+01 3.603827800135811277e+00
8.475000000000000588e-02 1.435961701962215109e+01 3.113237773482894433e+00
2.274999999999999939e-02 1.435961701962215109e+01 1.000000000000000000e+00
9.149999999999999800e-02 1.435961701962215109e+01 3.205323614277139299e+00
2.387500000000000178e-01 1.435961701962215109e+01 3.631789105986163779e+00
1.135000000000000037e-01 1.435961701962215109e+01 3.307923418041831098e+00
1.067499999999999977e-01 1.435961701962215109e+01 3.283621741460096999e+00
1.270000000000000018e-01 1.435961701962215109e+01 3.353396297533205228e+00
1.937500000000000056e-01 1.435961701962215109e+01 3.537945011714067167e+00
2.355000000000000149e-01 1.435961701962215109e+01 3.625697458829476361e+00
8.500000000000000611e-03 1.435961701962215109e+01 1.000000000000000000e+00
5.125000000000000389e-02 1.435961701962215109e+01 1.044617955930004172e+00
2.000000000000000042e-02 1.435961701962215109e+01 1.000000000000000000e+00
2.327500000000000124e-01 1.435961701962215109e+01 3.620464883920110566e+00
1.402500000000000135e-01 1.435961701962215109e+01 3.395079181364176080e+00
2.177499999999999991e-01 1.435961701962215109e+01 3.590618447749469588e+00
9.675000000000000266e-02 1.435961701962215109e+01 3.240720528996770433e+00
2.500000000000000052e-04 1.435961701962215109e+01 1.000000000000000000e+00
9.725000000000000311e-02 1.435961701962215109e+01 3.243347628049209064e+00
1.412500000000000144e-01 1.435961701962215109e+01 3.398114591091768499e+00
2.624999999999999903e-02 1.435961701962215109e+01 1.000000000000174749e+00
1.927500000000000047e-01 1.435961701962215109e+01 3.535609973206456313e+00
2.052500000000000158e-01 1.435961701962215109e+01 3.563974583314397648e+00
1.190000000000000085e-01 1.435961701962215109e+01 3.326849946556249993e+00
1.755000000000000171e-01 1.435961701962215109e+01 3.493436403300208770e+00
1.002500000000000058e-01 1.435961701962215109e+01 3.257600988153689592e+00
1.822499999999999953e-01 1.435961701962215109e+01 3.510373684230252866e+00
1.387500000000000122e-01 1.435961701962215109e+01 3.390497575586109757e+00
4.025000000000000105e-02 1.435961701962215109e+01 1.000110949093761858e+00
5.025000000000000300e-02 1.435961701962215109e+01 1.030878900058859626e+00
2.392500000000000182e-01 1.435961701962215109e+01 3.632717502091803219e+00
2.487499999999999989e-01 1.435961701962215109e+01 3.649921787470786327e+00
6.725000000000000422e-02 1.435961701962215109e+01 2.079948996031898201e+00
2.154999999999999971e-01 1.435961701962215109e+01 3.585944829640569154e+00
2.037500000000000144e-01 1.435961701962215109e+01 3.560663790615034241e+00
6.750000000000000444e-02 1.435961701962215109e+01 2.104065465295776871e+00
1.137500000000000039e-01 1.435961701962215109e+01 3.308797536236770309e+00
1.152500000000000052e-01 1.435961701962215109e+01 3.314012727196047337e+00
1.814999999999999947e-01 1.435961701962215109e+01 3.508519869694950000e+00
6.275000000000000022e-02 1.435961701962215109e+01 1.650897702398697708e+00
1.752500000000000169e-01 1.435961701962215109e+01 3.492798053401164449e+00
7.374999999999999611e-02 1.435961701962215109e+01 2.640431076213193506e+00
1.809999999999999942e-01 1.435961701962215109e+01 3.507280125133253268e+00
1.797499999999999931e-01 1.435961701962215109e+01 3.504167169069879684e+00
1.869999999999999996e-01 1.435961701962215109e+01 3.521954408069462250e+00
8.425000000000000544e-02 1.435961701962215109e+01 3.102582087580687986e+00
2.195000000000000007e-01 1.435961701962215109e+01 3.594217237208650051e+00
1.300000000000000114e-02 1.435961701962215109e+01 1.000000000000000000e+00
1.977500000000000091e-01 1.435961701962215109e+01 3.547169191996941251e+00
2.302500000000000102e-01 1.435961701962215109e+01 3.615644989063476089e+00
5.399999999999999939e-02 1.435961701962215109e+01 1.107547648328004675e+00
1.907500000000000029e-01 1.435961701962215109e+01 3.530904700035660593e+00
4.674999999999999989e-02 1.435961701962215109e+01 1.006717717627806374e+00
9.475000000000000089e-02 1.435961701962215109e+01 3.229186385610063770e+00
1.229999999999999982e-01 1.435961701962215109e+01 3.340259165337593039e+00
1.000000000000000021e-02 1.435961701962215109e+01 1.000000000000000000e+00
3.899999999999999994e-02 1.435961701962215109e+01 1.000039318600047578e+00
3.500000000000000073e-03 1.435961701962215109e+01 1.000000000000000000e+00
2.030000000000000138e-01 1.435961701962215109e+01 3.558999047412101824e+00
1.600000000000000033e-02 1.435961701962215109e+01 1.000000000000000000e+00
2.139999999999999958e-01 1.435961701962215109e+01 3.582799691222515737e+00
2.094999999999999918e-01 1.435961701962215109e+01 3.573221250146372263e+00
1.300000000000000044e-01 1.435961701962215109e+01 3.363077061669534018e+00
8.575000000000000677e-02 1.435961701962215109e+01 3.132523050948927246e+00
3.200000000000000067e-02 1.435961701962215109e+01 1.000000012718083697e+00
1.617500000000000049e-01 1.435961701962215109e+01 3.457115427868859392e+00
1.177500000000000074e-01 1.435961701962215109e+01 3.322600905174206254e+00
8.250000000000000389e-02 2.130941015366796876e+01 3.491315184426579066e+00
1.145000000000000046e-01 2.130941015366796876e+01 3.571036749012189038e+00
2.175000000000000197e-02 2.130941015366796876e+01 1.000000000009382051e+00
9.299999999999999933e-02 2.130941015366796876e+01 3.518979955497982370e+00
2.475000000000000117e-02 2.130941015366796876e+01 1.000000051299972492e+00
2.177499999999999991e-01 2.130941015366796876e+01 3.752679072869864019e+00
1.657500000000000084e-01 2.130941015366796876e+01 3.673589704381688748e+00
3.250000000000000111e-02 2.130941015366796876e+01 1.004220291708728396e+00
1.652500000000000080e-01 2.130941015366796876e+01 3.672718085559817602e+00
7.699999999999999900e-02 2.130941015366796876e+01 3.476188009969055415e+00
1.922500000000000042e-01 2.130941015366796876e+01 3.716621440913694840e+00
8.575000000000000677e-02 2.130941015366796876e+01 3.500043589952894774e+00
1.227499999999999980e-01 2.130941015366796876e+01 3.589486901339239200e+00
1.032500000000000084e-01 2.130941015366796876e+01 3.544539072456078799e+00
2.012500000000000122e-01 2.130941015366796876e+01 3.729909768814569926e+00
9.625000000000000222e-02 2.130941015366796876e+01 3.527235064358051453e+00
4.775000000000000078e-02 2.130941015366796876e+01 2.575048952880238495e+00
2.387500000000000178e-01 2.130941015366796876e+01 3.778911226472705831e+00
6.900000000000000577e-02 2.130941015366796876e+01 3.452876418995396879e+00
4.000000000000000083e-02 2.130941015366796876e+01 1.323010688540406044e+00
1.147500000000000048e-01 2.130941015366796876e+01 3.571607799722584353e+00
7.825000000000000011e-02 2.130941015366796876e+01 3.479667546607466022e+00
5.250000000000000326e-03 2.130941015366796876e+01 1.000000000000000000e+00
6.300000000000000044e-02 2.130941015366796876e+01 3.428370283438007871e+00
1.867499999999999993e-01 2.130941015366796876e+01 3.708182021987516119e+00
2.139999999999999958e-01 2.130941015366796876e+01 3.747678353103789384e+00
1.400000000000000133e-01 2.130941015366796876e+01 3.625548601529168913e+00
1.185000000000000081e-01 2.130941015366796876e+01 3.580083226629875437e+00
1.450000000000000074e-02 2.130941015366796876e+01 1.000000000000000000e+00
1.275000000000000022e-01 2.130941015366796876e+01 3.599748776492905478e+00
1.702500000000000124e-01 2.130941015366796876e+01 3.681330891720833165e+00
1.187500000000000083e-01 2.130941015366796876e+01 3.580642277730539558e+00
1.747500000000000164e-01 2.130941015366796876e+01 3.688889079101965063e+00
2.437499999999999944e-01 2.130941015366796876e+01 3.784736482700030713e+00
1.955000000000000071e-01 2.130941015366796876e+01 3.721493549963374559e+00
4.725000000000000033e-02 2.130941015366796876e+01 2.494816967094743099e+00
2.392500000000000182e-01 2.130941015366796876e+01 3.779500755451275840e+00
1.715000000000000135e-01 2.130941015366796876e+01 3.683448558762971725e+00
2.392500000000000182e-01 2.130941015366796876e+01 3.779500755451275840e+00
1.405000000000000138e-01 2.130941015366796876e+01 3.626545387189804792e+00
2.187500000000000000e-01 2.130941015366796876e+01 3.753995829084328939e+00
1.415000000000000147e-01 2.130941015366796876e+01 3.628531032741099782e+00
6.074999999999999845e-02 2.130941015366796876e+01 3.411082841014424272e+00
2.077500000000000180e-01 2.130941015366796876e+01 3.739118834351270237e+00
1.260000000000000009e-01 2.130941015366796876e+01 3.596536105861541710e+00
3.250000000000000111e-02 2.130941015366796876e+01 1.004220291708728396e+00
1.209999999999999964e-01 2.130941015366796876e+01 3.585640483185732030e+00
2.045000000000000151e-01 2.130941015366796876e+01 3.734554109892016083e+00
1.615000000000000047e-01 2.130941015366796876e+01 3.666106576627292668e+00
5.000000000000000104e-03 2.130941015366796876e+01 1.000000000000000000e+00
2.099999999999999922e-01 2.130941015366796876e+01 3.742233104507755481e+00
4.150000000000000216e-02 2.130941015366796876e+01 1.515486516218763402e+00
6.825000000000000511e-02 2.130941015366796876e+01 3.450470941933570845e+00
9.675000000000000266e-02 2.130941015366796876e+01 3.528492493806143493e+00
1.499999999999999944e-01 2.130941015366796876e+01 3.644989778534494906e+00
7.875000000000000056e-02 2.130941015366796876e+01 3.481052191582704847e+00
3.250000000000000284e-03 2.130941015366796876e+01 1.000000000000000000e+00
6.024999999999999800e-02 2.130941015366796876e+01 3.405833038742470009e+00
1.940000000000000058e-01 2.130941015366796876e+01 3.719255347820513258e+00
8.625000000000000722e-02 2.130941015366796876e+01 3.501373070682133104e+00
1.410000000000000142e-01 2.130941015366796876e+01 3.627539528599830643e+00
2.242500000000000049e-01 2.130941015366796876e+01 3.761114042637497601e+00
8.475000000000000588e-02 2.130941015366796876e+01 3.497374004940519310e+00
2.274999999999999939e-02 2.130941015366796876e+01 1.000000000256960231e+00
9.149999999999999800e-02 2.130941015366796876e+01 3.515121629273347370e+00
2.387500000000000178e-01 2.130941015366796876e+01 3.778911226472705831e+00
1.135000000000000037e-01 2.130941015366796876e+01 3.568744951889926575e+00
1.067499999999999977e-01 2.130941015366796876e+01 3.552952981211722427e+00
1.270000000000000018e-01 2.130941015366796876e+01 3.598680728635517578e+00
1.937500000000000056e-01 2.130941015366796876e+01 3.718880574821365137e+00
2.355000000000000149e-01 2.130941015366796876e+01 3.775040796202433491e+00
8.500000000000000611e-03 2.130941015366796876e+01 1.000000000000000000e+00
5.125000000000000389e-02 2.130941015366796876e+01 3.023279336782481064e+00
2.000000000000000042e-02 2.130941015366796876e+01 1.000000000000005995e+00
2.327500000000000124e-01 2.130941015366796876e+01 3.771713101732719675e+00
1.402500000000000135e-01 2.130941015366796876e+01 3.626047325327895532e+00
2.177499999999999991e-01 2.130941015366796876e+01 3.752679072869864019e+00
9.675000000000000266e-02 2.130941015366796876e+01 3.528492493806143493e+00
2.500000000000000052e-04 2.130941015366796876e+01 1.000000000000000000e+00
9.725000000000000311e-02 2.130941015366796876e+01 3.529746591663001976e+00
1.412500000000000144e-01 2.130941015366796876e+01 3.628035609893409230e+00
2.624999999999999903e-02 2.130941015366796876e+01 1.000001157430070675e+00
1.927500000000000047e-01 2.130941015366796876e+01 3.717376489187075528e+00
2.052500000000000158e-01 2.130941015366796876e+01 3.735614524530664227e+00
1.190000000000000085e-01 2.130941015366796876e+01 3.581200587239625310e+00
1.755000000000000171e-01 2.130941015366796876e+01 3.690131289308640650e+00
1.002500000000000058e-01 2.130941015366796876e+01 3.537201705091082449e+00
1.822499999999999953e-01 2.130941015366796876e+01 3.701091046311358213e+00
1.387500000000000122e-01 2.130941015366796876e+01 3.623045022797116932e+00
4.025000000000000105e-02 2.130941015366796876e+01 1.351609984183865576e+00
5.025000000000000300e-02 2.130941015366796876e+01 2.917087814806078150e+00
2.392500000000000182e-01 2.130941015366796876e+01 3.779500755451275840e+00
2.487499999999999989e-01 2.130941015366796876e+01 3.790408694911865606e+00
6.725000000000000422e-02 2.130941015366796876e+01 3.447112415151037723e+00
2.154999999999999971e-01 2.130941015366796876e+01 3.749690624407432171e+00
2.037500000000000144e-01 2.130941015366796876e+01 3.733489455413792957e+00
6.750000000000000444e-02 2.130941015366796876e+01 3.447971515931708808e+00
1.137500000000000039e-01 2.130941015366796876e+01 3.569319042319011093e+00
1.152500000000000052e-01 2.130941015366796876e+01 3.572747629867916608e+00
1.814999999999999947e-01 2.130941015366796876e+01 3.699892631194713566e+00
6.275000000000000022e-02 2.130941015366796876e+01 3.426837751952991340e+00
1.752500000000000169e-01 2.130941015366796876e+01 3.689717769517438573e+00
7.374999999999999611e-02 2.130941015366796876e+01 3.467001956725582090e+00
1.809999999999999942e-01 2.130941015366796876e+01 3.699091028301562556e+00
1.797499999999999931e-01 2.130941015366796876e+01 3.697077671707381885e+00
1.869999999999999996e-01 2.130941015366796876e+01 3.708571011342905344e+00
8.425000000000000544e-02 2.130941015366796876e+01 3.496033876926648798e+00
2.195000000000000007e-01 2.130941015366796876e+01 3.754978807561359044e+00
1.300000000000000114e-02 2.130941015366796876e+01 1.000000000000000000e+00
1.977500000000000091e-01 2.130941015366796876e+01 3.724817545256564610e+00
2.302500000000000102e-01 2.130941015366796876e+01 3.768645357923537276e+00
5.399999999999999939e-02 2.130941015366796876e+01 3.230385290668783771e+00
1.907500000000000029e-01 2.130941015366796876e+01 3.714344210405234215e+00
4.674999999999999989e-02 2.130941015366796876e+01 2.411466601081176719e+00
9.475000000000000089e-02 2.130941015366796876e+01 3.523442698372023063e+00
1.229999999999999982e-01 2.130941015366796876e+01 3.590033477614918311e+00
1.000000000000000021e-02 2.130941015366796876e+01 1.000000000000000000e+00
3.899999999999999994e-02 2.130941015366796876e+01 1.223206458618683934e+00
3.500000000000000073e-03 2.130941015366796876e+01 1.000000000000000000e+00
2.030000000000000138e-01 2.130941015366796876e+01 3.732420544212667668e+00
1.600000000000000033e-02 2.130941015366796876e+01 1.000000000000000000e+00
2.139999999999999958e-01 2.130941015366796876e+01 3.747678353103789384e+00
2.094999999999999918e-01 2.130941015366796876e+01 3.741544263002423598e+00
1.300000000000000044e-01 2.130941015366796876e+01 3.605046679647726737e+00
8.575000000000000677e-02 2.130941015366796876e+01 3.500043589952894774e+00
3.200000000000000067e-02 2.130941015366796876e+01 1.002679451134440347e+00
1.617500000000000049e-01 2.130941015366796876e+01 3.666551455728418674e+00
1.177500000000000074e-01 2.130941015366796876e+01 3.578401613972712614e+00
8.250000000000000389e-02 3.162277660168379256e+01 3.675286784495578107e+00
1.145000000000000046e-01 3.162277660168379256e+01 3.728024568714328968e+00
2.175000000000000197e-02 3.162277660168379256e+01 1.000186227621616242e+00
9.299999999999999933e-02 3.162277660168379256e+01 3.693629781861953898e+00
2.475000000000000117e-02 3.162277660168379256e+01 1.028685475380070047e+00
2.177499999999999991e-01 3.162277660168379256e+01 3.846524719959534266e+00
1.657500000000000084e-01 3.162277660168379256e+01 3.795255377637906324e+00
3.250000000000000111e-02 3.162277660168379256e+01 2.830222225763054489e+00
1.652500000000000080e-01 3.162277660168379256e+01 3.794687282615083035e+00
7.699999999999999900e-02 3.162277660168379256e+01 3.665245089276634172e+00
1.922500000000000042e-01 3.162277660168379256e+01 3.823221998407090538e+00
8.575000000000000677e-02 3.162277660168379256e+01 3.681078577522942208e+00
1.227499999999999980e-01 3.162277660168379256e+01 3.740174226909111610e+00
1.032500000000000084e-01 3.162277660168379256e+01 3.710537662806995041e+00
2.012500000000000122e-01 3.162277660168379256e+01 3.831824545386198544e+00
9.625000000000000222e-02 3.162277660168379256e+01 3.699094921050273488e+00
4.775000000000000078e-02 3.162277660168379256e+01 3.606373175622716865e+00
2.387500000000000178e-01 3.162277660168379256e+01 3.863392906010083561e+00
6.900000000000000577e-02 3.162277660168379256e+01 3.650083057461568803e+00
4.000000000000000083e-02 3.162277660168379256e+01 3.576508998907364845e+00
1.147500000000000048e-01 3.162277660168379256e+01 3.728400943291610314e+00
7.825000000000000011e-02 3.162277660168379256e+01 3.667554175457608867e+00
5.250000000000000326e-03 3.162277660168379256e+01 1.000000000000000000e+00
6.300000000000000044e-02 3.162277660168379256e+01 3.638263375016034917e+00
1.867499999999999993e-01 3.162277660168379256e+01 3.817749987264773104e+00
2.139999999999999958e-01 3.162277660168379256e+01 3.843300686311199144e+00
1.400000000000000133e-01 3.162277660168379256e+01 3.763855145088257359e+00
1.185000000000000081e-01 3.162277660168379256e+01 3.733984558304508372e+00
1.450000000000000074e-02 3.162277660168379256e+01 1.000000000000000000e+00
1.275000000000000022e-01 3.162277660168379256e+01 3.746922072141069648e+00
1.702500000000000124e-01 3.162277660168379256e+01 3.800298116999026199e+00
1.187500000000000083e-01 3.162277660168379256e+01 3.734352697922835862e+00
1.747500000000000164e-01 3.162277660168379256e+01 3.805216832246912428e+00
2.437499999999999944e-01 3.162277660168379256e+01 3.867128215924983348e+00
1.955000000000000071e-01 3.162277660168379256e+01 3.826378020991411777e+00
4.725000000000000033e-02 3.162277660168379256e+01 3.605268686860328753e+00
2.392500000000000182e-01 3.162277660168379256e+01 3.863771108113040142e+00
1.715000000000000135e-01 3.162277660168379256e+01 3.801676735997072232e+00
2.392500000000000182e-01 3.162277660168379256e+01 3.863771108113040142e+00
1.405000000000000138e-01 3.162277660168379256e+01 3.764508416267150714e+00
2.187500000000000000e-01 3.162277660168379256e+01 3.847373217625838837e+00
1.415000000000000147e-01 3.162277660168379256e+01 3.765809550146033136e+00
6.074999999999999845e-02 3.162277660168379256e+01 3.633728968988409136e+00
2.077500000000000180e-01 3.162277660168379256e+01 3.837776304794443760e+00
1.260000000000000009e-01 3.162277660168379256e+01 3.744810295441175718e+00
3.250000000000000111e-02 3.162277660168379256e+01 2.830222225763054489e+00
1.209999999999999964e-01 3.162277660168379256e+01 3.737643148152051342e+00
2.045000000000000151e-01 3.162277660168379256e+01 3.834827193668327361e+00
1.615000000000000047e-01 3.162277660168379256e+01 3.790376098241804659e+00
5.000000000000000104e-03 3.162277660168379256e+01 1.000000000000000000e+00
2.099999999999999922e-01 3.162277660168379256e+01 3.839787136786178667e+00
4.150000000000000216e-02 3.162277660168379256e+01 3.588264080131974509e+00
6.825000000000000511e-02 3.162277660168379256e+01 3.648626942681479690e+00
9.675000000000000266e-02 3.162277660168379256e+01 3.699927029055309902e+00
1.499999999999999944e-01 3.162277660168379256e+01 3.776583322231491291e+00
7.875000000000000056e-02 3.162277660168379256e+01 3.668473351657268289e+00
3.250000000000000284e-03 3.162277660168379256e+01 1.000000000000000000e+00
6.024999999999999800e-02 3.162277660168379256e+01 3.632713643824514449e+00
1.940000000000000058e-01 3.162277660168379256e+01 3.824928448238730905e+00
8.625000000000000722e-02 3.162277660168379256e+01 3.681960422299218827e+00
1.410000000000000142e-01 3.162277660168379256e+01 3.765159882961458315e+00
2.242500000000000049e-01 3.162277660168379256e+01 3.851956906007885539e+00
8.475000000000000588e-02 3.162277660168379256e+01 3.679307558168990688e+00
2.274999999999999939e-02 3.162277660168379256e+01 1.001467930531800832e+00
9.149999999999999800e-02 3.162277660168379256e+01 3.691074095706770919e+00
2.387500000000000178e-01 3.162277660168379256e+01 3.863392906010083561e+00
1.135000000000000037e-01 3.162277660168379256e+01 3.726513855747811910e+00
1.067499999999999977e-01 3.162277660168379256e+01 3.716095064636728562e+00
1.270000000000000018e-01 3.162277660168379256e+01 3.746220092480581965e+00
1.937500000000000056e-01 3.162277660168379256e+01 3.824685680519047892e+00
2.355000000000000149e-01 3.162277660168379256e+01 3.860908903106206491e+00
8.500000000000000611e-03 3.162277660168379256e+01 1.000000000000000000e+00
5.125000000000000389e-02 3.162277660168379256e+01 3.613948946175436383e+00
2.000000000000000042e-02 3.162277660168379256e+01 1.000001209563321725e+00
2.327500000000000124e-01 3.162277660168379256e+01 3.858771855702757492e+00
1.402500000000000135e-01 3.162277660168379256e+01 3.764182006549740223e+00
2.177499999999999991e-01 3.162277660168379256e+01 3.846524719959534266e+00
9.675000000000000266e-02 3.162277660168379256e+01 3.699927029055309902e+00
2.500000000000000052e-04 3.162277660168379256e+01 1.000000000000000000e+00
9.725000000000000311e-02 3.162277660168379256e+01 3.700756839736632386e+00
1.412500000000000144e-01 3.162277660168379256e+01 3.765484941182069001e+00
2.624999999999999903e-02 3.162277660168379256e+01 1.129434471021848019e+00
1.927500000000000047e-01 3.162277660168379256e+01 3.823711243320068398e+00
2.052500000000000158e-01 3.162277660168379256e+01 3.835512474617104317e+00
1.190000000000000085e-01 3.162277660168379256e+01 3.734720328867749295e+00
1.755000000000000171e-01 3.162277660168379256e+01 3.806024775127423432e+00
1.002500000000000058e-01 3.162277660168379256e+01 3.705687813185896129e+00
1.822499999999999953e-01 3.162277660168379256e+01 3.813147318286332688e+00
1.387500000000000122e-01 3.162277660168379256e+01 3.762214039749654848e+00
4.025000000000000105e-02 3.162277660168379256e+01 3.579109816594001181e+00
5.025000000000000300e-02 3.162277660168379256e+01 3.611804447350121183e+00
2.392500000000000182e-01 3.162277660168379256e+01 3.863771108113040142e+00
2.487499999999999989e-01 3.162277660168379256e+01 3.870761520313532156e+00
6.725000000000000422e-02 3.162277660168379256e+01 3.646676043350975505e+00
2.154999999999999971e-01 3.162277660168379256e+01 3.844598337309034441e+00
2.037500000000000144e-01 3.162277660168379256e+01 3.834139061700800433e+00
6.750000000000000444e-02 3.162277660168379256e+01 3.647164779494059150e+00
1.137500000000000039e-01 3.162277660168379256e+01 3.726892317628013096e+00
1.152500000000000052e-01 3.162277660168379256e+01 3.729152133078450948e+00
1.814999999999999947e-01 3.162277660168379256e+01 3.812369000303849287e+00
6.275000000000000022e-02 3.162277660168379256e+01 3.637762331846430275e+00
1.752500000000000169e-01 3.162277660168379256e+01 3.805755833348923645e+00
7.374999999999999611e-02 3.162277660168379256e+01 3.659166259823327660e+00
1.809999999999999942e-01 3.162277660168379256e+01 3.811848323940743466e+00
1.797499999999999931e-01 3.162277660168379256e+01 3.810540312014087938e+00
1.869999999999999996e-01 3.162277660168379256e+01 3.818002345430443256e+00
8.425000000000000544e-02 3.162277660168379256e+01 3.678418370093700762e+00
2.195000000000000007e-01 3.162277660168379256e+01 3.848006515171625175e+00
1.300000000000000114e-02 3.162277660168379256e+01 1.000000000000000000e+00
1.977500000000000091e-01 3.162277660168379256e+01 3.828529938028174762e+00
2.302500000000000102e-01 3.162277660168379256e+01 3.856800644451996440e+00
5.399999999999999939e-02 3.162277660168379256e+01 3.619782478602371789e+00
1.907500000000000029e-01 3.162277660168379256e+01 3.821746113495605890e+00
4.674999999999999989e-02 3.162277660168379256e+01 3.604153811203476998e+00
9.475000000000000089e-02 3.162277660168379256e+01 3.696584749551425020e+00
1.229999999999999982e-01 3.162277660168379256e+01 3.740533813819730380e+00
1.000000000000000021e-02 3.162277660168379256e+01 1.000000000000000000e+00
3.899999999999999994e-02 3.162277660168379256e+01 3.561929012352302415e+00
3.500000000000000073e-03 3.162277660168379256e+01 1.000000000000000000e+00
2.030000000000000138e-01 3.162277660168379256e+01 3.833448066873677451e+00
1.600000000000000033e-02 3.162277660168379256e+01 1.000000000000000000e+00
2.139999999999999958e-01 3.162277660168379256e+01 3.843300686311199144e+00
2.094999999999999918e-01 3.162277660168379256e+01 3.839342447235599920e+00
1.300000000000000044e-01 3.162277660168379256e+01 3.750402995756303870e+00
8.575000000000000677e-02 3.162277660168379256e+01 3.681078577522942208e+00
3.200000000000000067e-02 3.162277660168379256e+01 2.688465503852724314e+00
1.617500000000000049e-01 3.162277660168379256e+01 3.790666302003601551e+00
1.177500000000000074e-01 3.162277660168379256e+01 3.732877080380383461e+00
