0.0000000000 0.0108522676
0.0002502503 0.0109984611
0.0005005005 0.0111447414
0.0007507508 0.0112910614
0.0010010010 0.0114374340
0.0012512513 0.0115838629
0.0015015015 0.0117303440
0.0017517518 0.0118768904
0.0020020020 0.0120234624
0.0022522523 0.0121701080
0.0025025025 0.0123168039
0.0027527528 0.0124635571
0.0030030030 0.0126103691
0.0032532533 0.0127572304
0.0035035035 0.0129041668
0.0037537538 0.0130511464
0.0040040040 0.0131981814
0.0042542543 0.0133452677
0.0045045045 0.0134924291
0.0047547548 0.0136396403
0.0050050050 0.0137869367
0.0052552553 0.0139342663
0.0055055055 0.0140816397
0.0057557558 0.0142291196
0.0060060060 0.0143766313
0.0062562563 0.0145242017
0.0065065065 0.0146718367
0.0067567568 0.0148195443
0.0070070070 0.0149673196
0.0072572573 0.0151151496
0.0075075075 0.0152630381
0.0077577578 0.0154110107
0.0080080080 0.0155590363
0.0082582583 0.0157071275
0.0085085085 0.0158552955
0.0087587588 0.0160035163
0.0090090090 0.0161518040
0.0092592593 0.0163001654
0.0095095095 0.0164486002
0.0097597598 0.0165970932
0.0100100100 0.0167456430
0.0102602603 0.0168942711
0.0105105105 0.0170429910
0.0107607608 0.0171917610
0.0110110110 0.0173406160
0.0112612613 0.0174895299
0.0115115115 0.0176385116
0.0117617618 0.0177875655
0.0120120120 0.0179367077
0.0122622623 0.0180859093
0.0125125125 0.0182351927
0.0127627628 0.0183845414
0.0130130130 0.0185339731
0.0132632633 0.0186834801
0.0135135135 0.0188330599
0.0137637638 0.0189827236
0.0140140140 0.0191324557
0.0142642643 0.0192822721
0.0145145145 0.0194321641
0.0147647648 0.0195821410
0.1101101101 0.0887366717
0.1103603604 0.0889707599
0.1106106106 0.0892052825
0.1108608609 0.0894401919
0.1111111111 0.0896755229
0.1113613614 0.0899112945
0.1116116116 0.0901474631
0.1118618619 0.0903840726
0.1121121121 0.0906211049
0.1123623624 0.0908585644
0.1126126126 0.0910964278
0.1128628629 0.0913347384
0.1131131131 0.0915734731
0.1133633634 0.0918126581
0.1136136136 0.0920522540
0.1138638639 0.0922922887
0.1141141141 0.0925327568
0.1143643644 0.0927736788
0.1146146146 0.0930150320
0.1148648649 0.0932568237
0.1151151151 0.0934990488
0.1153653654 0.0937417347
0.1156156156 0.0939848484
0.1158658659 0.0942284110
0.1161161161 0.0944724355
0.1163663664 0.0947169013
0.1166166166 0.0949618209
0.1168668669 0.0952071916
0.1171171171 0.0954530305
0.1173673674 0.0956992959
0.1176176176 0.0959460372
0.1178678679 0.0961932492
0.1181181181 0.0964408990
0.1183683684 0.0966890369
0.1186186186 0.0969376122
0.1188688689 0.0971866800
0.1191191191 0.0974361885
0.1193693694 0.0976861885
0.1196196196 0.0979366570
0.1198698699 0.0981875708
0.1201201201 0.0984389921
0.1203703704 0.0986908645
0.1206206206 0.0989432447
0.1208708709 0.0991960654
0.1211211211 0.0994494112
0.1213713714 0.0997031980
0.1216216216 0.0999574746
0.1218718719 0.1002122546
0.1221221221 0.1004675187
0.1223723724 0.1007232816
0.1226226226 0.1009795094
0.1228728729 0.1012362589
0.1231231231 0.1014934990
0.1233733734 0.1017511993
0.1236236236 0.1020094358
0.1238738739 0.1022681562
0.1241241241 0.1025273803
0.1243743744 0.1027871170
0.1246246246 0.1030473564
0.1248748749 0.1033080913
0.1251251251 0.1035693357
0.1253753754 0.1038310901
0.1256256256 0.1040933807
0.1258758759 0.1043561493
0.1261261261 0.1046194619
0.1263763764 0.1048832917
0.1266266266 0.1051476253
0.1268768769 0.1054124847
0.1271271271 0.1056778644
0.1273773774 0.1059437941
0.1276276276 0.1062102299
0.1278778779 0.1064771894
0.1281281281 0.1067446841
0.1283783784 0.1070127262
0.1286286286 0.1072812886
0.1288788789 0.1075504150
0.1291291291 0.1078200416
0.1293793794 0.1080902261
0.1296296296 0.1083609458
0.1298798799 0.1086322285
0.1301301301 0.1089040383
0.1303803804 0.1091763959
0.1306306306 0.1094493212
0.1308808809 0.1097227802
0.1311311311 0.1099967853
0.1313813814 0.1102713848
0.1316316316 0.1105465124
0.1318818819 0.1108222024
0.1321321321 0.1110984650
0.1323823824 0.1113753018
0.1326326326 0.1116526938
0.1328828829 0.1119306327
0.1331331331 0.1122091795
0.1333833834 0.1124882792
0.1336336336 0.1127679648
0.1338838839 0.1130481978
0.1341341341 0.1133290266
0.1343843844 0.1136104427
0.1346346346 0.1138924464
0.1348848849 0.1141750142
0.1351351351 0.1144581755
0.1353853854 0.1147419446
0.1356356356 0.1150262986
0.1358858859 0.1153112187
0.1361361361 0.1155967735
0.1363863864 0.1158829119
0.1366366366 0.1161696385
0.1368868869 0.1164569827
0.1371371371 0.1167449050
0.1373873874 0.1170334782
0.1376376376 0.1173226368
0.1378878879 0.1176124097
0.1381381381 0.1179027748
0.1383883884 0.1181937834
0.1386386386 0.1184854046
0.1388888889 0.1187776250
0.1391391391 0.1190704755
0.1393893894 0.1193639699
0.1396396396 0.1196580741
0.1398898899 0.1199527977
0.1401401401 0.1202481814
0.1403903904 0.1205441907
0.1406406406 0.1208408219
0.1408908909 0.1211380849
0.1411411411 0.1214359950
0.1413913914 0.1217345731
0.1416416416 0.1220337683
0.1418918919 0.1223336134
0.1421421421 0.1226341197
0.1423923924 0.1229352649
0.1426426426 0.1232370866
0.1428928929 0.1235395358
0.1431431431 0.1238426797
0.1433933934 0.1241464494
0.1436436436 0.1244509065
0.1438938939 0.1247559860
0.1441441441 0.1250617798
0.1443943944 0.1253682472
0.1446446446 0.1256753648
0.1448948949 0.1259831839
0.1451451451 0.1262916739
0.1453953954 0.1266008263
0.1456456456 0.1269106781
0.1458958959 0.1272211855
0.1461461461 0.1275324080
0.1463963964 0.1278443307
0.1466466466 0.1281569291
0.1468968969 0.1284702306
0.1471471471 0.1287842125
0.1473973974 0.1290989353
0.1476476476 0.1294143279
0.1478978979 0.1297304316
0.1481481481 0.1300472643
0.1483983984 0.1303647585
0.1486486486 0.1306830087
0.1488988989 0.1310019462
0.1491491491 0.1313216299
0.1493993994 0.1316420265
0.1496496496 0.1319631362
0.1498998999 0.1322849794
0.1501501502 0.1326075442
0.1504004004 0.1329308482
0.1506506507 0.1332548714
0.1509009009 0.1335796550
0.1511511512 0.1339051756
0.1514014014 0.1342314184
0.1516516517 0.1345584088
0.1519019019 0.1348861359
0.1521521522 0.1352146300
0.1524024024 0.1355438855
0.1526526527 0.1358738801
0.1529029029 0.1362046174
0.1531531532 0.1365361179
0.1534034034 0.1368684086
0.1536536537 0.1372014390
0.1539039039 0.1375352358
0.1541541542 0.1378697976
0.1544044044 0.1382051715
0.1546546547 0.1385412759
0.1549049049 0.1388781717
0.1551551552 0.1392158515
0.1554054054 0.1395543226
0.1556556557 0.1398935551
0.1559059059 0.1402335983
0.1561561562 0.1405744217
0.1564064064 0.1409160275
0.1566566567 0.1412584521
0.1569069069 0.1416016811
0.1571571572 0.1419456989
0.1574074074 0.1422905082
0.1576576577 0.1426361469
0.1579079079 0.1429825822
0.1581581582 0.1433298330
0.1584084084 0.1436778831
0.1586586587 0.1440267692
0.1589089089 0.1443764682
0.1591591592 0.1447270032
0.1594094094 0.1450783407
0.1596596597 0.1454305248
0.1599099099 0.1457835203
0.1601601602 0.1461373774
0.1604104104 0.1464920354
0.1606606607 0.1468475644
0.1609109109 0.1472039123
0.1611611612 0.1475611377
0.1614114114 0.1479191589
0.1616616617 0.1482780710
0.1619119119 0.1486378085
0.1621621622 0.1489984028
0.1624124124 0.1493598620
0.1626626627 0.1497221810
0.1629129129 0.1500853550
0.1631631632 0.1504494194
0.1634134134 0.1508143033
0.1636636637 0.1511800996
0.1639139139 0.1515467603
0.1641641642 0.1519142771
0.1644144144 0.1522826656
0.1646646647 0.1526519580
0.1649149149 0.1530221339
0.1651651652 0.1533931822
0.1654154154 0.1537650999
0.1656656657 0.1541379433
0.1659159159 0.1545116760
0.1661661662 0.1548862867
0.1664164164 0.1552618057
0.1666666667 0.1556382014
0.1669169169 0.1560155456
0.1671671672 0.1563937637
0.1674174174 0.1567728605
0.1676676677 0.1571529234
0.1679179179 0.1575338909
0.1681681682 0.1579157313
0.1684184184 0.1582985191
0.1686686687 0.1586822290
0.1689189189 0.1590668504
0.1691691692 0.1594523837
0.1694194194 0.1598388502
0.1696696697 0.1602262401
0.1699199199 0.1606146091
0.1701701702 0.1610038659
0.1704204204 0.1613940575
0.1706706707 0.1617851972
0.1709209209 0.1621772947
0.1711711712 0.1625703126
0.1714214214 0.1629642616
0.1716716717 0.1633591960
0.1719219219 0.1637550485
0.1721721722 0.1641518504
0.1724224224 0.1645495998
0.1726726727 0.1649483483
0.1729229229 0.1653480162
0.1731731732 0.1657486556
0.1734234234 0.1661502528
0.1736736737 0.1665528096
0.1739239239 0.1669563316
0.1741741742 0.1673608242
0.1744244244 0.1677662936
0.1746746747 0.1681727244
0.1749249249 0.1685801285
0.1751751752 0.1689884934
0.1754254254 0.1693978424
0.1756756757 0.1698081871
0.1759259259 0.1702194944
0.1761761762 0.1706317786
0.1764264264 0.1710450442
0.1766766767 0.1714593203
0.1769269269 0.1718745783
0.1771771772 0.1722907954
0.1774274274 0.1727080339
0.1776776777 0.1731262516
0.1779279279 0.1735454629
0.1781781782 0.1739656432
0.1784284284 0.1743868726
0.1786786787 0.1748090556
0.1789289289 0.1752322515
0.1791791792 0.1756564308
0.1794294294 0.1760816467
0.1796796797 0.1765078496
0.1799299299 0.1769350548
0.1801801802 0.1773632572
0.1804304304 0.1777924570
0.1806806807 0.1782226828
0.1809309309 0.1786538882
0.1811811812 0.1790861426
0.1814314314 0.1795193750
0.1816816817 0.1799536453
0.1819319319 0.1803888951
0.1821821822 0.1808251790
0.1824324324 0.1812624671
0.1826826827 0.1817007909
0.1829329329 0.1821401105
0.1831831832 0.1825804465
0.1834334334 0.1830217999
0.1836836837 0.1834641804
0.1839339339 0.1839075725
0.1841841842 0.1843519764
0.1844344344 0.1847973991
0.1846846847 0.1852438412
0.1849349349 0.1856913023
0.1851851852 0.1861397723
0.1854354354 0.1865892915
0.1856856857 0.1870398027
0.1859359359 0.1874913354
0.1861861862 0.1879438969
0.1864364364 0.1883974906
0.1866866867 0.1888521028
0.1869369369 0.1893076915
0.1871871872 0.1897643468
0.1874374374 0.1902219897
0.1876876877 0.1906806837
0.1879379379 0.1911403382
0.1881881882 0.1916010846
0.1884384384 0.1920628324
0.1886886887 0.1925255515
0.1889389389 0.1929893281
0.1891891892 0.1934541061
0.1894394394 0.1939198983
0.1896896897 0.1943867065
0.1899399399 0.1948545351
0.1901901902 0.1953233783
0.1904404404 0.1957932285
0.1906906907 0.1962640974
0.1909409409 0.1967359471
0.1911911912 0.1972088239
0.1914414414 0.1976827023
0.1916916917 0.1981575923
0.1919419419 0.1986334988
0.1921921922 0.1991104170
0.1924424424 0.1995883051
0.1926926927 0.2000672154
0.1929429429 0.2005470943
0.1931931932 0.2010280214
0.1934434434 0.2015099291
0.1936936937 0.2019928161
0.1939439439 0.2024766836
0.1941941942 0.2029615646
0.1944444444 0.2034474457
0.1946946947 0.2039342842
0.1949449449 0.2044220922
0.1951951952 0.2049109256
0.1954454454 0.2054007299
0.1956956957 0.2058914884
0.1959459459 0.2063832471
0.1961961962 0.2068759664
0.1964464464 0.2073696535
0.1966966967 0.2078642646
0.1969469469 0.2083598884
0.1971971972 0.2088565022
0.1974474474 0.2093540322
0.1976976977 0.2098525282
0.1979479479 0.2103519585
0.1981981982 0.2108523722
0.1984484484 0.2113537057
0.1986986987 0.2118559655
0.1989489489 0.2123592231
0.1991991992 0.2128633624
0.1994494494 0.2133684845
0.1996996997 0.2138744804
0.1999499499 0.2143814157
0.2002002002 0.2148893066
0.2004504505 0.2153981086
0.2007007007 0.2159077904
0.2009509510 0.2164183993
0.2012012012 0.2169299170
0.2014514515 0.2174423608
0.2017017017 0.2179556488
0.2019519520 0.2184698601
0.2022022022 0.2189849949
0.2024524525 0.2195009627
0.2027027027 0.2200178241
0.2029529530 0.2205355740
0.2032032032 0.2210541799
0.2034534535 0.2215736796
0.2037037037 0.2220939907
0.2039539540 0.2226151976
0.2042042042 0.2231372733
0.2044544545 0.2236601479
0.2047047047 0.2241838804
0.2049549550 0.2247084626
0.2052052052 0.2252338765
0.2054554555 0.2257601057
0.2057057057 0.2262871562
0.2059559560 0.2268150401
0.2062062062 0.2273437377
0.2064564565 0.2278732020
0.2067067067 0.2284034785
0.2069569570 0.2289345537
0.2072072072 0.2294664554
0.2074574575 0.2299990656
0.2077077077 0.2305324982
0.2079579580 0.2310666802
0.2082082082 0.2316016495
0.2084584585 0.2321373184
0.2087087087 0.2326738100
0.2089589590 0.2332110023
0.2092092092 0.2337489524
0.2094594595 0.2342875997
0.2097097097 0.2348270062
0.2099599600 0.2353671114
0.2102102102 0.2359079604
0.2104604605 0.2364494782
0.2107107107 0.2369916853
0.2109609610 0.2375346462
0.2112112112 0.2380782413
0.2114614615 0.2386225028
0.2117117117 0.2391674549
0.2119619620 0.2397130833
0.2122122122 0.2402593443
0.2124624625 0.2408062367
0.2127127127 0.2413538429
0.2129629630 0.2419020459
0.2132132132 0.2424508395
0.2134634635 0.2430002820
0.2137137137 0.2435503625
0.2139639640 0.2441010017
0.2142142142 0.2446522493
0.2144644645 0.2452040755
0.2147147147 0.2457564998
0.2149649650 0.2463095014
0.2152152152 0.2468630674
0.2154654655 0.2474171463
0.2157157157 0.2479718473
0.2159659660 0.2485270455
0.2162162162 0.2490827987
0.2164664665 0.2496390415
0.2167167167 0.2501958364
0.2169669670 0.2507531311
0.2172172172 0.2513109167
0.2174674675 0.2518692081
0.2177177177 0.2524279649
0.2179679680 0.2529872325
0.2182182182 0.2535469168
0.2184684685 0.2541070968
0.2187187187 0.2546677155
0.2189689690 0.2552288000
0.2192192192 0.2557902827
0.2194694695 0.2563522056
0.2197197197 0.2569145315
0.2199699700 0.2574773154
0.2202202202 0.2580404123
0.2204704705 0.2586039526
0.2207207207 0.2591678914
0.2209709710 0.2597321782
0.2212212212 0.2602968426
0.2214714715 0.2608618408
0.2217217217 0.2614271877
0.2219719720 0.2619928913
0.2222222222 0.2625589225
0.2224724725 0.2631252410
0.2227227227 0.2636919581
0.2229729730 0.2642589134
0.2232232232 0.2648261358
0.2234734735 0.2653936676
0.2237237237 0.2659614787
0.2239739740 0.2665295742
0.2242242242 0.2670978963
0.2244744745 0.2676664569
0.2247247247 0.2682353439
0.2249749750 0.2688043631
0.2252252252 0.2693736197
0.2254754755 0.2699431408
0.2257257257 0.2705128103
0.2259759760 0.2710827265
0.2262262262 0.2716527638
0.2264764765 0.2722230463
0.2267267267 0.2727934316
0.2269769770 0.2733640777
0.2272272272 0.2739347691
0.2274774775 0.2745056499
0.2277277277 0.2750766587
0.2279779780 0.2756477769
0.2282282282 0.2762189981
0.2284784785 0.2767903680
0.2287287287 0.2773618006
0.2289789790 0.2779333154
0.2292292292 0.2785049120
0.2294794795 0.2790765890
0.2297297297 0.2796483310
0.2299799800 0.2802201042
0.2302302302 0.2807919426
0.2304804805 0.2813638180
0.2307307307 0.2819357068
0.2309809810 0.2825075905
0.2312312312 0.2830795266
0.2314814815 0.2836514602
0.2317317317 0.2842233610
0.2319819820 0.2847952101
0.2322322322 0.2853670761
0.2324824825 0.2859389305
0.2327327327 0.2865107056
0.2329829830 0.2870824111
0.2332332332 0.2876541034
0.2334834835 0.2882256977
0.2337337337 0.2887972389
0.2339839840 0.2893686384
0.2342342342 0.2899400265
0.2344844845 0.2905112491
0.2347347347 0.2910823677
0.2349849850 0.2916533683
0.2352352352 0.2922242672
0.2354854855 0.2927950404
0.2357357357 0.2933656347
0.2359859860 0.2939360572
0.2362362362 0.2945063316
0.2364864865 0.2950764604
0.2367367367 0.2956464464
0.2369869870 0.2962161735
0.2372372372 0.2967857487
0.2374874875 0.2973551620
0.2377377377 0.2979243472
0.2379879880 0.2984932654
0.2382382382 0.2990620313
0.2384884885 0.2996305410
0.2387387387 0.3001988135
0.2389889890 0.3007667850
0.2392392392 0.3013345824
0.2394894895 0.3019020979
0.2397397397 0.3024693320
0.2399899900 0.3030363045
0.2402402402 0.3036029927
0.2404904905 0.3041694019
0.2407407407 0.3047355376
0.2409909910 0.3053013136
0.2412412412 0.3058668424
0.2414914915 0.3064319998
0.2417417417 0.3069968902
0.2419919920 0.3075613910
0.2422422422 0.3081255998
0.2424924925 0.3086894600
0.2427427427 0.3092529400
0.2429929930 0.3098161176
0.2432432432 0.3103789130
0.2434934935 0.3109413321
0.2437437437 0.3115033340
0.2439939940 0.3120650226
0.2442442442 0.3126263104
0.2444944945 0.3131871795
0.2447447447 0.3137476655
0.2449949950 0.3143077334
0.2452452452 0.3148674167
0.2454954955 0.3154266785
0.2457457457 0.3159854953
0.2459959960 0.3165439078
0.2462462462 0.3171018736
0.2464964965 0.3176594108
0.2467467467 0.3182164828
0.2469969970 0.3187731241
0.2472472472 0.3193293153
0.2474974975 0.3198850394
0.2477477477 0.3204402664
0.2479979980 0.3209950648
0.2482482482 0.3215493250
0.2484984985 0.3221031773
0.2487487487 0.3226565307
0.2489989990 0.3232094145
0.2492492492 0.3237617541
0.2494994995 0.3243135760
0.2497497497 0.3248649439
0.2500000000 0.3254157922
