2.000000000000000000 139.586473083496088066
2.018018007278442383 139.542164611816417619
2.036036014556884766 139.497819519042963066
2.054054021835327148 139.453404235839855119
2.072072029113769531 139.408848571777355119
2.090090036392211914 139.364292907714855119
2.108108043670654297 139.319633483886718750
2.126126050949096680 139.274903869628900566
2.144144058227539062 139.230033874511718750
2.162162065505981445 139.185200500488292619
2.180180072784423828 139.140258789062500000
2.198198080062866211 139.095179748535144881
2.216216325759887695 139.050137329101573869
2.234234333038330078 139.004917907714855119
2.252252340316772461 138.959658813476551131
2.270270347595214844 138.914369201660150566
2.288288354873657227 138.869010925292968750
2.306306362152099609 138.823545837402349434
2.324324369430541992 138.778009033203119316
2.342342376708984375 138.732403564453136369
2.360360383987426758 138.686798095703125000
2.378378391265869141 138.641053771972650566
2.396396398544311523 138.595239257812494316
2.414414405822753906 138.549389648437511369
2.432432413101196289 138.503538513183599434
2.450450420379638672 138.457444763183588066
2.468468427658081055 138.411450195312511369
2.486486434936523438 138.365324401855474434
2.504504442214965820 138.319125366210926131
2.522522449493408203 138.272888183593750000
2.540540456771850586 138.226652526855474434
2.558558464050292969 138.180244445800781250
2.576576471328735352 138.133901977539068184
2.594594478607177734 138.087318420410156250
2.612612724304199219 138.040766906738269881
2.630630731582641602 137.994183349609386369
2.648648738861083984 137.947596740722644881
2.666666746139526367 137.900801086425786934
2.684684753417968750 137.854077148437511369
2.702702760696411133 137.807212829589843750
2.720720767974853516 137.760383605957031250
2.738738775253295898 137.713343811035144881
2.756756782531738281 137.666304016113286934
2.774774789810180664 137.619261169433599434
2.792792797088623047 137.572154235839832381
2.810810804367065430 137.524972534179681816
2.828828811645507812 137.477722167968750000
2.846846818923950195 137.430403137207036934
2.864864826202392578 137.383012390136713066
2.882882833480834961 137.335658264160144881
2.900900840759277344 137.288162231445312500
2.918918848037719727 137.240632629394525566
2.936936855316162109 137.193032836914056816
2.954954862594604492 137.145359802246105119
2.972972869873046875 137.097691345214855119
2.990990877151489258 137.049986267089849434
3.009009122848510742 137.002105712890625000
3.027027130126953125 136.954260253906255684
3.045045137405395508 136.906349182128906250
3.063063144683837891 136.858326721191417619
3.081081151962280273 136.810307312011730119
3.099099159240722656 136.762217712402332381
3.117117166519165039 136.714021301269525566
3.135135173797607422 136.665827941894519881
3.153153181076049805 136.617562866210931816
3.171171188354492188 136.569261169433588066
3.189189195632934570 136.520822143554681816
3.207207202911376953 136.472416687011730119
3.225225210189819336 136.423905944824213066
3.243243217468261719 136.375364685058599434
3.261261224746704102 136.326745605468744316
3.279279232025146484 136.278025817871082381
3.297297239303588867 136.229376220703130684
3.315315246582031250 136.180587768554687500
3.333333253860473633 136.131724548339832381
3.351351261138916016 136.082830810546880684
3.369369268417358398 136.033900451660144881
3.387387275695800781 135.984829711914073869
3.405405521392822266 135.935726928710948869
3.423423528671264648 135.886584472656238631
3.441441535949707031 135.837409973144531250
3.459459543228149414 135.788198852539068184
3.477477550506591797 135.738885498046869316
3.495495557785034180 135.689431762695306816
3.513513565063476562 135.639974975585943184
3.531531572341918945 135.590486145019525566
3.549549579620361328 135.540995788574207381
3.567567586898803711 135.491331481933599434
3.585585594177246094 135.441665649414062500
3.603603601455688477 135.391862487792963066
3.621621608734130859 135.342089843749988631
3.639639616012573242 135.292213439941406250
3.657657623291015625 135.242234802246088066
3.675675630569458008 135.192256164550769881
3.693693637847900391 135.142134094238286934
3.711711645126342773 135.092117309570312500
3.729729652404785156 135.041896057128894881
3.747747659683227539 134.991636657714849434
3.765765666961669922 134.941372680664073869
3.783783674240112305 134.890942382812511369
3.801801919937133789 134.840435791015636369
3.819819927215576172 134.789965820312488631
3.837837934494018555 134.739425659179687500
3.855855941772460938 134.688673400878911934
3.873873949050903320 134.637997436523448869
3.891891956329345703 134.587245178222644881
3.909909963607788086 134.536357116699207381
3.927927970886230469 134.485429382324213066
3.945945978164672852 134.434434509277338066
3.963963985443115234 134.383370971679681816
3.981981992721557617 134.332272338867198869
4.000000000000000000 134.281066894531250000
4.018018245697021484 134.229788208007818184
4.036036014556884766 134.178479003906261369
4.054054260253906250 134.127029418945312500
4.072072029113769531 134.075544738769536934
4.090090274810791016 134.024023437500005684
4.108108043670654297 133.972399902343738631
4.126126289367675781 133.920671081542963066
4.144144058227539062 133.868937683105457381
4.162162303924560547 133.817102050781244316
4.180180072784423828 133.765162658691394881
4.198198318481445312 133.713154602050792619
4.216216087341308594 133.661108398437505684
4.234234333038330078 133.608958435058582381
4.252252101898193359 133.556770324707031250
4.270270347595214844 133.504449462890619316
4.288288116455078125 133.452124023437505684
4.306306362152099609 133.399588012695318184
4.324324131011962891 133.347123718261713066
4.342342376708984375 133.294448852539062500
4.360360145568847656 133.241772460937511369
4.378378391265869141 133.189097595214832381
4.396396160125732422 133.136247253417963066
4.414414405822753906 133.083293151855457381
4.432432651519775391 133.030337524414051131
4.450450420379638672 132.977278137207036934
4.468468666076660156 132.924113464355457381
4.486486434936523438 132.870841979980468750
4.504504680633544922 132.817572021484380684
4.522522449493408203 132.764196777343755684
4.540540695190429688 132.710682678222667619
4.558558464050292969 132.657061767578113631
4.576576709747314453 132.603512573242198869
4.594594478607177734 132.549784851074207381
4.612612724304199219 132.495924377441411934
4.630630493164062500 132.442092895507812500
4.648648738861083984 132.388087463378894881
4.666666507720947266 132.334115600585931816
4.684684753417968750 132.279901123046869316
4.702702522277832031 132.225619506835926131
4.720720767974853516 132.171366882324207381
4.738738536834716797 132.116975402832025566
4.756756782531738281 132.062446594238281250
4.774774551391601562 132.007847595214855119
4.792792797088623047 131.953211975097644881
4.810811042785644531 131.898507690429681816
4.828828811645507812 131.843661499023426131
4.846847057342529297 131.788639831542980119
4.864864826202392578 131.733726501464843750
4.882883071899414062 131.678671264648443184
4.900900840759277344 131.623477172851551131
4.918919086456298828 131.568177795410150566
4.936936855316162109 131.512771606445312500
4.954955101013183594 131.457400512695301131
4.972972869873046875 131.401786804199218750
4.990991115570068359 131.346206665039062500
5.009008884429931641 131.290451049804687500
5.027027130126953125 131.234591674804676131
5.045044898986816406 131.178764343261718750
5.063063144683837891 131.122731018066417619
5.081080913543701172 131.066590881347650566
5.099099159240722656 131.010450744628911934
5.117116928100585938 130.954173278808582381
5.135135173797607422 130.897821044921869316
5.153152942657470703 130.841333007812494316
5.171171188354492188 130.784771728515636369
5.189188957214355469 130.728140258789068184
5.207207202911376953 130.671336364746082381
5.225225448608398438 130.614462280273443184
5.243243217468261719 130.557583618164073869
5.261261463165283203 130.500572204589843750
5.279279232025146484 130.443452453613275566
5.297297477722167969 130.386227416992198869
5.315315246582031250 130.328929138183582381
5.333333492279052734 130.271531677246088066
5.351351261138916016 130.214025878906255684
5.369369506835937500 130.156381225585931816
5.387387275695800781 130.098698425292980119
5.405405521392822266 130.040811157226556816
5.423423290252685547 129.983023071289068184
5.441441535949707031 129.925065612792963066
5.459459304809570312 129.866896057128911934
5.477477550506591797 129.808689880371105119
5.495495319366455078 129.750486755371099434
5.513513565063476562 129.692105102539073869
5.531531333923339844 129.633619689941411934
5.549549579620361328 129.574960327148431816
5.567567348480224609 129.516368103027332381
5.585585594177246094 129.457569885253917619
5.603603839874267578 129.398733520507818184
5.621621608734130859 129.339724731445301131
5.639639854431152344 129.280642700195301131
5.657657623291015625 129.221459960937494316
5.675675868988037109 129.162239074707031250
5.693693637847900391 129.102810668945323869
5.711711883544921875 129.043377685546886369
5.729729652404785156 128.983879089355468750
5.747747898101806641 128.924206542968761369
5.765765666961669922 128.864387512207031250
5.783783912658691406 128.804539489746105119
5.801801681518554688 128.744509887695301131
5.819819927215576172 128.684487915039056816
5.837837696075439453 128.624324035644519881
5.855855941772460938 128.564053344726573869
5.873873710632324219 128.503712463378917619
5.891891956329345703 128.443234252929698869
5.909909725189208984 128.382647705078113631
5.927927970886230469 128.321920776367193184
5.945945739746093750 128.261164855957019881
5.963963985443115234 128.200266265869146309
5.981981754302978516 128.139328765869151994
6.000000000000000000 128.078321838378911934
6.018018245697021484 128.017108917236328125
6.036036014556884766 127.955822753906247158
6.054054260253906250 127.894398498535153408
6.072072029113769531 127.832974243164059658
6.090090274810791016 127.771372985839846592
6.108108043670654297 127.709703826904302559
6.126126289367675781 127.647821044921869316
6.144144058227539062 127.586013031005862217
6.162162303924560547 127.524027252197271309
6.180180072784423828 127.461900329589838066
6.198198318481445312 127.399775695800784092
6.216216087341308594 127.337443542480471592
6.234234333038330078 127.275003814697271309
6.252252101898193359 127.212598419189447441
6.270270347595214844 127.149947357177737217
6.288288116455078125 127.087263488769536934
6.306305885314941406 127.024401855468752842
6.324323654174804688 126.961578369140625000
6.342342376708984375 126.898473358154291191
6.360360145568847656 126.835436248779302559
6.378377914428710938 126.772191619873041191
6.396395683288574219 126.708946990966794033
6.414414405822753906 126.645525360107427559
6.432432174682617188 126.582000732421875000
6.450449943542480469 126.518405914306640625
6.468468666076660156 126.454708099365234375
6.486486434936523438 126.390866851806634941
6.504504203796386719 126.326956176757818184
6.522521972656250000 126.262975311279291191
6.540540695190429688 126.198856353759765625
6.558558464050292969 126.134667968749994316
6.576576232910156250 126.070371246337884941
6.594594001770019531 126.006004333496093750
6.612612724304199219 125.941500854492190342
6.630630493164062500 125.876889038085934658
6.648648262023925781 125.812141418457031250
6.666666030883789062 125.747319793701166191
6.684684753417968750 125.682429504394534092
6.702702522277832031 125.617505645751947441
6.720720291137695312 125.552336883544924717
6.738738059997558594 125.487164306640622158
6.756756782531738281 125.421784973144525566
6.774774551391601562 125.356403350830078125
6.792792320251464844 125.290918731689458809
6.810811042785644531 125.225363922119143467
6.828828811645507812 125.159671783447265625
6.846846580505371094 125.093836975097659092
6.864864349365234375 125.027965545654296875
6.882883071899414062 124.962026977539068184
6.900900840759277344 124.895980072021487217
6.918918609619140625 124.829793548583978691
6.936936378479003906 124.763504028320312500
6.954955101013183594 124.697111511230474434
6.972972869873046875 124.630679321289065342
6.990990638732910156 124.564110565185544033
7.009008407592773438 124.497400665283208809
7.027027130126953125 124.430691528320309658
7.045044898986816406 124.363872528076171875
7.063062667846679688 124.296884918212896309
7.081080436706542969 124.229859161376950283
7.099099159240722656 124.162799072265627842
7.117116928100585938 124.095565032958987217
7.135134696960449219 124.028293609619140625
7.153152465820312500 123.960813903808599434
7.171171188354492188 123.893265533447262783
7.189188957214355469 123.825748443603515625
7.207206726074218750 123.758023834228509941
7.225225448608398438 123.690229034423822441
7.243243217468261719 123.622364807128903408
7.261260986328125000 123.554392242431646309
7.279278755187988281 123.486389923095700283
7.297297477722167969 123.418242645263674717
7.315315246582031250 123.349957275390622158
7.333333015441894531 123.281639099121093750
7.351350784301757812 123.213282775878909092
7.369369506835937500 123.144824218750002842
7.387387275695800781 123.076153564453122158
7.405405044555664062 123.007517242431646309
7.423422813415527344 122.938744354248044033
7.441441535949707031 122.869862365722653408
7.459459304809570312 122.800910949707031250
7.477477073669433594 122.731892395019528408
7.495494842529296875 122.662803649902343750
7.513513565063476562 122.593572235107416191
7.531531333923339844 122.524308013916012783
7.549549102783203125 122.454901123046880684
7.567566871643066406 122.385459899902343750
7.585585594177246094 122.315882873535159092
7.603603363037109375 122.246231842041012783
7.621621131896972656 122.176580810546880684
7.639639854431152344 122.106756591796880684
7.657657623291015625 122.036861419677734375
7.675675392150878906 121.966896820068356533
7.693693161010742188 121.896791839599615059
7.711711883544921875 121.826723480224615059
7.729729652404785156 121.756477355957031250
7.747747421264648438 121.686128234863275566
7.765765190124511719 121.615810394287109375
7.783783912658691406 121.545356750488281250
7.801801681518554688 121.474796295166015625
7.819819450378417969 121.404200744628909092
7.837837219238281250 121.333432006835934658
7.855855941772460938 121.262731170654291191
7.873873710632324219 121.191857147216794033
7.891891479492187500 121.120909118652349434
7.909909248352050781 121.049894714355474434
7.927927970886230469 120.978740692138671875
7.945945739746093750 120.907654571533200283
7.963963508605957031 120.836360168457034092
7.981981277465820312 120.765100860595708809
8.000000000000000000 120.693699645996090908
8.018017768859863281 120.622231292724606533
8.036036491394042969 120.550656127929684658
8.054054260253906250 120.479011535644531250
8.072072029113769531 120.407401275634768467
8.090089797973632812 120.335649108886713066
8.108108520507812500 120.263758850097659092
8.126126289367675781 120.191905212402346592
8.144144058227539062 120.119944000244146309
8.162161827087402344 120.047880554199224434
8.180180549621582031 119.975711059570315342
8.198198318481445312 119.903504180908200283
8.216216087341308594 119.831264495849609375
8.234233856201171875 119.758883666992190342
8.252252578735351562 119.686504364013671875
8.270270347595214844 119.614054107666021309
8.288288116455078125 119.541532135009759941
8.306305885314941406 119.468872833251950283
8.324324607849121094 119.396249389648431816
8.342342376708984375 119.323519897460940342
8.360360145568847656 119.250684356689447441
8.378377914428710938 119.177848815917968750
8.396396636962890625 119.104946899414059658
8.414414405822753906 119.031934356689447441
8.432432174682617188 118.958853912353518467
8.450450897216796875 118.885774230957025566
8.468468666076660156 118.812518310546877842
8.486486434936523438 118.739263916015630684
8.504504203796386719 118.666010284423833809
8.522522926330566406 118.592614746093744316
8.540540695190429688 118.519217681884768467
8.558558464050292969 118.445650482177740059
8.576576232910156250 118.372183990478518467
8.594594955444335938 118.298614501953125000
8.612612724304199219 118.224833679199221592
8.630630493164062500 118.151123046875000000
8.648648262023925781 118.077412414550778408
8.666666984558105469 118.003491210937497158
8.684684753417968750 117.929676818847653408
8.702702522277832031 117.855724334716796875
8.720720291137695312 117.781698608398443184
8.738739013671875000 117.707602691650393467
8.756756782531738281 117.633541107177734375
8.774774551391601562 117.559411621093744316
8.792792320251464844 117.485037231445318184
8.810811042785644531 117.410871887207036934
8.828828811645507812 117.336495208740231533
8.846846580505371094 117.262121582031255684
8.864865303039550781 117.187714385986325283
8.882883071899414062 117.113160705566400566
8.900900840759277344 117.038681793212887783
8.918918609619140625 116.964167022705083809
8.936937332153320312 116.889476776123046875
8.954955101013183594 116.814821624755865059
8.972972869873046875 116.740096282958987217
8.990990638732910156 116.665337371826169033
9.009009361267089844 116.590470886230463066
9.027027130126953125 116.515606689453122158
9.045044898986816406 116.440707397460940342
9.063062667846679688 116.365842437744134941
9.081081390380859375 116.290802001953125000
9.099099159240722656 116.215760803222650566
9.117116928100585938 116.140686035156250000
9.135134696960449219 116.065576934814458809
9.153153419494628906 115.990396881103521309
9.171171188354492188 115.915146636962887783
9.189188957214355469 115.839930725097659092
9.207207679748535156 115.764610290527343750
9.225225448608398438 115.689292907714843750
9.243243217468261719 115.613970947265627842
9.261260986328125000 115.538508605957034092
9.279279708862304688 115.463085174560546875
9.297297477722167969 115.387623596191403408
9.315315246582031250 115.312096405029294033
9.333333015441894531 115.236565399169919033
9.351351737976074219 115.160929870605471592
9.369369506835937500 115.085295867919924717
9.387387275695800781 115.009695434570318184
9.405405044555664062 114.933954620361333809
9.423423767089843750 114.858248901367190342
9.441441535949707031 114.782473754882815342
9.459459304809570312 114.706698608398440342
9.477477073669433594 114.630854034423833809
9.495495796203613281 114.555009460449213066
9.513513565063476562 114.479128265380865059
9.531531333923339844 114.403212738037112217
9.549550056457519531 114.327228546142578125
9.567567825317382812 114.251312255859375000
9.585585594177246094 114.175257873535159092
9.603603363037109375 114.099238586425784092
9.621622085571289062 114.023113250732421875
9.639639854431152344 113.947094726562497158
9.657657623291015625 113.870933532714843750
9.675675392150878906 113.794808959960931816
9.693694114685058594 113.718615722656252842
9.711711883544921875 113.642522430419916191
9.729729652404785156 113.566223144531250000
9.747747421264648438 113.490063476562497158
9.765766143798828125 113.413763427734380684
9.783783912658691406 113.337499237060541191
9.801801681518554688 113.261164093017583809
9.819819450378417969 113.184828948974612217
9.837838172912597656 113.108493804931640625
9.855855941772460938 113.032158660888669033
9.873873710632324219 112.955786895751955967
9.891892433166503906 112.879313659667971592
9.909910202026367188 112.802942657470708809
9.927927970886230469 112.726502227783200283
9.945946693420410156 112.650063323974606533
9.963963508605957031 112.573551940917965908
9.981982231140136719 112.497078704833981533
10.000000000000000000 112.420636749267572441
10.018017768859863281 112.344022369384759941
10.036036491394042969 112.267546081542974434
10.054054260253906250 112.190966796875002842
10.072072029113769531 112.114423370361322441
10.090089797973632812 112.037807464599609375
10.108108520507812500 111.961228942871088066
10.126126289367675781 111.884610748291009941
10.144144058227539062 111.807997131347661934
10.162161827087402344 111.731346893310544033
10.180180549621582031 111.654764556884771309
10.198198318481445312 111.578047180175786934
10.216216087341308594 111.501396942138669033
10.234234809875488281 111.424784088134771309
10.252252578735351562 111.348096466064447441
10.270270347595214844 111.271446228027343750
10.288288116455078125 111.194762420654299717
10.306305885314941406 111.118005371093744316
10.324324607849121094 111.041357421875005684
10.342342376708984375 110.964601135253900566
10.360360145568847656 110.887841796874994316
10.378377914428710938 110.811196136474606533
10.396396636962890625 110.734439086914065342
10.414414405822753906 110.657685852050775566
10.432432174682617188 110.580967712402340908
10.450450897216796875 110.504245758056640625
10.468468666076660156 110.427558898925781250
10.486486434936523438 110.350768280029299717
10.504504203796386719 110.274051666259765625
10.522522926330566406 110.197296905517575283
10.540540695190429688 110.120539855957034092
10.558558464050292969 110.043821716308599434
10.576576232910156250 109.967063140869143467
10.594594955444335938 109.890345764160159092
10.612612724304199219 109.813589477539068184
10.630630493164062500 109.736905670166009941
10.648648262023925781 109.660149383544919033
10.666666984558105469 109.583393859863278408
10.684684753417968750 109.506710052490234375
10.702702522277832031 109.429955291748044033
10.720720291137695312 109.353268432617184658
10.738739013671875000 109.276514434814458809
10.756756782531738281 109.199899291992181816
10.774774551391601562 109.123145294189455967
10.792792320251464844 109.046495056152338066
10.810811042785644531 108.969772338867187500
10.828828811645507812 108.893123626708984375
10.846846580505371094 108.816368103027343750
10.864865303039550781 108.739826202392578125
10.882883071899414062 108.663137817382818184
10.900900840759277344 108.586487579345700283
10.918918609619140625 108.509838104248046875
10.936937332153320312 108.433185577392578125
10.954955101013183594 108.356610107421872158
10.972972869873046875 108.279994201660159092
10.990990638732910156 108.203445434570312500
11.009009361267089844 108.126834106445315342
11.027027130126953125 108.050253295898443184
11.045044898986816406 107.973742675781252842
11.063062667846679688 107.897161102294916191
11.081081390380859375 107.820652770996090908
11.099099159240722656 107.744178009033205967
11.117115974426269531 107.667597198486333809
11.135134696960449219 107.591228485107421875
11.153153419494628906 107.514717102050781250
11.171171188354492188 107.438276672363286934
11.189188957214355469 107.361837005615228691
11.207207679748535156 107.285363006591794033
11.225226402282714844 107.209062194824213066
11.243243217468261719 107.132657623291009941
11.261260986328125000 107.056357574462893467
11.279279708862304688 106.979950714111325283
11.297297477722167969 106.903617095947268467
11.315315246582031250 106.827351379394528408
11.333333015441894531 106.751017761230471592
11.351351737976074219 106.674786376953122158
11.369369506835937500 106.598555755615237217
11.387387275695800781 106.522360992431643467
11.405405044555664062 106.446131896972659092
11.423423767089843750 106.369935607910150566
11.441441535949707031 106.293741607666021309
11.459458351135253906 106.217652130126950283
11.477477073669433594 106.141596221923833809
11.495495796203613281 106.065400695800775566
11.513513565063476562 105.989415740966791191
11.531531333923339844 105.913360595703125000
11.549549102783203125 105.837376403808590908
11.567566871643066406 105.761390686035156250
11.585585594177246094 105.685440826416012783
11.603603363037109375 105.609595489501955967
11.621622085571289062 105.533611297607421875
11.639639854431152344 105.457695007324218750
11.657657623291015625 105.381921386718744316
11.675675392150878906 105.306004333496090908
11.693694114685058594 105.230230712890630684
11.711711883544921875 105.154490661621096592
11.729729652404785156 105.078749847412112217
11.747747421264648438 105.003045654296869316
11.765766143798828125 104.927375030517580967
11.783783912658691406 104.851704406738278408
11.801800727844238281 104.776104736328122158
11.819819450378417969 104.700505065917965908
11.837838172912597656 104.624938964843750000
11.855855941772460938 104.549445343017580967
11.873873710632324219 104.473914337158205967
11.891891479492187500 104.398524475097659092
11.909909248352050781 104.322995758056634941
11.927927970886230469 104.247602844238286934
11.945945739746093750 104.172319793701177559
11.963963508605957031 104.096964263916021309
11.981982231140136719 104.021678924560546875
12.000000000000000000 103.946288299560549717
12.018017768859863281 103.871248626708990059
12.036036491394042969 103.795964050292965908
12.054054260253906250 103.720783233642578125
12.072072029113769531 103.645708465576177559
12.090089797973632812 103.570599365234372158
12.108108520507812500 103.495523071289056816
12.126126289367675781 103.420554351806643467
12.144143104553222656 103.345548248291009941
12.162161827087402344 103.270682525634768467
12.180180549621582031 103.195712280273440342
12.198198318481445312 103.120813751220708809
12.216216087341308594 103.046087646484380684
12.234233856201171875 102.971258544921880684
12.252251625061035156 102.896533966064453125
12.270270347595214844 102.821772003173833809
12.288288116455078125 102.747153472900393467
12.306305885314941406 102.672533416748052559
12.324324607849121094 102.597912597656247158
12.342342376708984375 102.523398590087893467
12.360360145568847656 102.448881530761724434
12.378377914428710938 102.374403381347661934
12.396396636962890625 102.300027465820306816
12.414414405822753906 102.225651550292965908
12.432432174682617188 102.151313018798830967
12.450450897216796875 102.076901245117184658
12.468468666076660156 102.002702331542963066
12.486485481262207031 101.928536987304681816
12.504504203796386719 101.854405975341791191
12.522522926330566406 101.780205535888669033
12.540540695190429688 101.706182098388666191
12.558558464050292969 101.632016754150384941
12.576576232910156250 101.558097839355468750
12.594594001770019531 101.484211730957028408
12.612612724304199219 101.410221862792965908
12.630630493164062500 101.336371612548830967
12.648648262023925781 101.262557220458987217
12.666666984558105469 101.188811492919924717
12.684684753417968750 101.115135192871093750
12.702702522277832031 101.041461181640627842
12.720720291137695312 100.967821502685552559
12.738739013671875000 100.894216156005853691
12.756756782531738281 100.820716857910156250
12.774774551391601562 100.747250366210934658
12.792792320251464844 100.673822021484369316
12.810811042785644531 100.600424957275393467
12.828828811645507812 100.527064514160159092
12.846846580505371094 100.453809356689447441
12.864865303039550781 100.380519866943359375
12.882883071899414062 100.307369995117184658
12.900900840759277344 100.234185028076169033
12.918918609619140625 100.161139678955080967
12.936936378479003906 100.088095855712893467
12.954955101013183594 100.015120697021487217
12.972972869873046875 99.942144012451166191
12.990990638732910156 99.869239044189455967
13.009009361267089844 99.796403503417963066
13.027027130126953125 99.723533630371093750
13.045044898986816406 99.650908660888674717
13.063062667846679688 99.578214263916009941
13.081081390380859375 99.505553436279299717
13.099099159240722656 99.432999420166012783
13.117116928100585938 99.360409545898434658
13.135134696960449219 99.287993621826174717
13.153153419494628906 99.215615081787106533
13.171171188354492188 99.143199157714846592
13.189188957214355469 99.070783233642572441
13.207207679748535156 98.998613739013677559
13.225225448608398438 98.926445007324218750
13.243243217468261719 98.854238128662103691
13.261260986328125000 98.782173156738281250
13.279278755187988281 98.710108184814458809
13.297297477722167969 98.638149261474609375
13.315315246582031250 98.566083526611322441
13.333333015441894531 98.494299316406255684
13.351351737976074219 98.422547149658200283
13.369369506835937500 98.350762939453119316
13.387387275695800781 98.278979492187502842
13.405405044555664062 98.207402801513666191
13.423423767089843750 98.135723114013671875
13.441441535949707031 98.064183044433590908
13.459459304809570312 97.992677307128900566
13.477477073669433594 97.921278381347661934
13.495495796203613281 97.849913024902349434
13.513513565063476562 97.778583526611328125
13.531531333923339844 97.707321929931637783
13.549549102783203125 97.636167907714849434
13.567567825317382812 97.564977264404291191
13.585585594177246094 97.493962097167965908
13.603603363037109375 97.422876739501958809
13.621621131896972656 97.351862335205083809
13.639639854431152344 97.280987548828122158
13.657657623291015625 97.210111999511724434
13.675675392150878906 97.139308166503909092
13.693694114685058594 97.068640899658205967
13.711711883544921875 96.997942352294927559
13.729729652404785156 96.927276611328125000
13.747747421264648438 96.856752777099615059
13.765766143798828125 96.786296844482421875
13.783783912658691406 96.715912628173825283
13.801801681518554688 96.645457458496096592
13.819819450378417969 96.575212097167963066
13.837838172912597656 96.504862213134771309
13.855855941772460938 96.434686279296869316
13.873873710632324219 96.364615631103518467
13.891891479492187500 96.294511413574213066
13.909910202026367188 96.224544525146484375
13.927927970886230469 96.154580688476556816
13.945945739746093750 96.084685516357424717
13.963964462280273438 96.014896392822265625
13.981982231140136719 95.945104980468755684
14.000000000000000000 95.875386047363278408
14.018017768859863281 95.805805969238278408
14.036036491394042969 95.736260223388669033
14.054054260253906250 95.666751098632815342
14.072072029113769531 95.597276306152338066
14.090089797973632812 95.527975463867193184
14.108108520507812500 95.458570098876947441
14.126126289367675781 95.389340972900384941
14.144144058227539062 95.320075225830080967
14.162161827087402344 95.251090240478518467
14.180180549621582031 95.181965637207028408
14.198198318481445312 95.112980651855465908
14.216216087341308594 95.044065093994134941
14.234233856201171875 94.975149536132818184
14.252252578735351562 94.906374359130865059
14.270270347595214844 94.837635040283203125
14.288288116455078125 94.768964385986322441
14.306306838989257812 94.700329589843747158
14.324324607849121094 94.631799316406244316
14.342342376708984375 94.563269805908205967
14.360360145568847656 94.494879150390630684
14.378377914428710938 94.426559448242187500
14.396396636962890625 94.358275604248049717
14.414414405822753906 94.289990234374997158
14.432432174682617188 94.221879577636713066
14.450450897216796875 94.153804016113284092
14.468468666076660156 94.085833740234377842
14.486486434936523438 94.017829132080080967
14.504504203796386719 93.949999237060552559
14.522522926330566406 93.882169342041009941
14.540540695190429688 93.814303588867190342
14.558558464050292969 93.746718597412112217
14.576576232910156250 93.679099273681643467
14.594594955444335938 93.611617279052737217
14.612612724304199219 93.544068908691400566
14.630630493164062500 93.476622772216799717
14.648649215698242188 93.409387969970708809
14.666666984558105469 93.342082977294921875
14.684684753417968750 93.274883270263671875
14.702702522277832031 93.207754516601568184
14.720720291137695312 93.140692138671880684
14.738739013671875000 93.073633575439458809
14.756757736206054688 93.006713104248049717
14.774774551391601562 92.939862823486322441
14.792792320251464844 92.873117828369146309
14.810811042785644531 92.806267547607419033
14.828828811645507812 92.739628601074215908
14.846846580505371094 92.672987365722661934
14.864865303039550781 92.606523132324213066
14.882883071899414062 92.540058135986328125
14.900900840759277344 92.473699188232416191
14.918918609619140625 92.407371520996093750
14.936937332153320312 92.341151428222659092
14.954955101013183594 92.274967193603515625
14.972972869873046875 92.208815765380862217
14.990991592407226562 92.142772674560546875
15.009009361267089844 92.076796722412112217
15.027027130126953125 92.010961151123041191
15.045044898986816406 91.945161437988275566
15.063062667846679688 91.879399108886715908
15.081081390380859375 91.813736724853512783
15.099100112915039062 91.748112487792965908
15.117116928100585938 91.682556152343750000
15.135134696960449219 91.617001342773434658
15.153153419494628906 91.551690673828119316
15.171171188354492188 91.486347961425778408
15.189188957214355469 91.421070861816403408
15.207207679748535156 91.355972290039062500
15.225225448608398438 91.290766906738284092
15.243243217468261719 91.225772857666015625
15.261260986328125000 91.160810852050786934
15.279279708862304688 91.095885467529299717
15.297297477722167969 91.031066894531250000
15.315315246582031250 90.966246032714849434
15.333333969116210938 90.901602935791018467
15.351351737976074219 90.836992645263677559
15.369369506835937500 90.772484588623044033
15.387387275695800781 90.707980346679690342
15.405405044555664062 90.643545532226568184
15.423423767089843750 90.579321289062505684
15.441442489624023438 90.515025329589846592
15.459459304809570312 90.450801086425784092
15.477477073669433594 90.386715698242184658
15.495495796203613281 90.322630310058599434
15.513513565063476562 90.258686065673828125
15.531531333923339844 90.194845581054693184
15.549549102783203125 90.131040191650384941
15.567567825317382812 90.067235565185541191
15.585585594177246094 90.003639221191406250
15.603603363037109375 89.940045166015622158
15.621622085571289062 89.876449584960937500
15.639639854431152344 89.813027954101556816
15.657657623291015625 89.749644470214846592
15.675676345825195312 89.686329650878903408
15.693694114685058594 89.623119354248046875
15.711711883544921875 89.560014343261713066
15.729729652404785156 89.496874237060552559
15.747747421264648438 89.433945465087887783
15.765766143798828125 89.370980072021481533
15.783784866333007812 89.308084106445306816
15.801801681518554688 89.245329284667974434
15.819819450378417969 89.182608795166018467
15.837838172912597656 89.119959259033208809
15.855855941772460938 89.057344055175775566
15.873873710632324219 88.994903564453125000
15.891891479492187500 88.932428741455083809
15.909910202026367188 88.870094299316406250
15.927927970886230469 88.807863616943365059
15.945945739746093750 88.745669555664065342
15.963963508605957031 88.683543395996096592
15.981982231140136719 88.621453094482419033
16.000000000000000000 88.559538269042974434
16.018018722534179688 88.497657012939455967
16.036035537719726562 88.435849761962884941
16.054054260253906250 88.374038696289062500
16.072072982788085938 88.312368774414068184
16.090089797973632812 88.250838470458987217
16.108108520507812500 88.189202880859369316
16.126125335693359375 88.127813720703130684
16.144144058227539062 88.066457366943353691
16.162162780761718750 88.005207061767578125
16.180179595947265625 87.943923187255862217
16.198198318481445312 87.882847595214840908
16.216217041015625000 87.821739196777343750
16.234233856201171875 87.760766601562494316
16.252252578735351562 87.699902343749997158
16.270269393920898438 87.639002990722659092
16.288288116455078125 87.578277587890625000
16.306306838989257812 87.517517089843750000
16.324323654174804688 87.456862640380862217
16.342342376708984375 87.396382141113278408
16.360361099243164062 87.335902404785159092
16.378377914428710938 87.275561523437502842
16.396396636962890625 87.215222167968747158
16.414415359497070312 87.155056762695309658
16.432432174682617188 87.094857788085931816
16.450450897216796875 87.034761047363275566
16.468467712402343750 86.974702453613275566
16.486486434936523438 86.914817810058593750
16.504505157470703125 86.854967498779302559
16.522521972656250000 86.795220947265619316
16.540540695190429688 86.735511779785156250
16.558559417724609375 86.675906372070315342
16.576576232910156250 86.616267395019534092
16.594594955444335938 86.556835174560546875
16.612611770629882812 86.497477722167971592
16.630630493164062500 86.438151550292971592
16.648649215698242188 86.378930664062494316
16.666666030883789062 86.319746398925786934
16.684684753417968750 86.260629272460931816
16.702703475952148438 86.201656341552734375
16.720720291137695312 86.142681884765622158
16.738739013671875000 86.083775329589840908
16.756755828857421875 86.025115966796875000
16.774774551391601562 85.966315460205080967
16.792793273925781250 85.907691192626955967
16.810810089111328125 85.849136352539062500
16.828828811645507812 85.790686035156255684
16.846847534179687500 85.732270812988275566
16.864864349365234375 85.673926544189455967
16.882883071899414062 85.615720367431634941
16.900901794433593750 85.557584381103509941
16.918918609619140625 85.499485015869140625
16.936937332153320312 85.441526794433599434
16.954954147338867188 85.383530426025387783
16.972972869873046875 85.325709533691409092
16.990991592407226562 85.267855072021490059
17.009008407592773438 85.210175323486325283
17.027027130126953125 85.152565002441406250
17.045045852661132812 85.094989776611328125
17.063062667846679688 85.037555694580078125
17.081081390380859375 84.980085754394536934
17.099098205566406250 84.922860717773431816
17.117116928100585938 84.865600585937500000
17.135135650634765625 84.808444976806640625
17.153152465820312500 84.751431274414059658
17.171171188354492188 84.694345092773431816
17.189189910888671875 84.637365722656255684
17.207206726074218750 84.580559539794919033
17.225225448608398438 84.523823547363278408
17.243244171142578125 84.467089080810552559
17.261260986328125000 84.410492706298825283
17.279279708862304688 84.353898620605463066
17.297296524047851562 84.297444152832028408
17.315315246582031250 84.241094207763666191
17.333333969116210938 84.184779357910159092
17.351350784301757812 84.128603363037115059
17.369369506835937500 84.072359466552740059
17.387388229370117188 84.016289520263669033
17.405405044555664062 83.960358428955075283
17.423423767089843750 83.904429626464846592
17.441440582275390625 83.848638916015630684
17.459459304809570312 83.792848205566400566
17.477478027343750000 83.737129211425781250
17.495494842529296875 83.681548309326174717
17.513513565063476562 83.626003265380859375
17.531532287597656250 83.570562744140630684
17.549549102783203125 83.515158843994143467
17.567567825317382812 83.459857177734377842
17.585584640502929688 83.404698181152340908
17.603603363037109375 83.349503326416012783
17.621622085571289062 83.294482421875002842
17.639638900756835938 83.239463806152343750
17.657657623291015625 83.184584045410161934
17.675676345825195312 83.129738616943356533
17.693693161010742188 83.075032806396478691
17.711711883544921875 83.020327758789065342
17.729730606079101562 82.965763092041015625
17.747747421264648438 82.911266326904296875
17.765766143798828125 82.856807708740234375
17.783782958984375000 82.802487945556634941
17.801801681518554688 82.748202514648440342
17.819820404052734375 82.693919372558596592
17.837837219238281250 82.639842987060546875
17.855855941772460938 82.585836791992193184
17.873874664306640625 82.531797027587884941
17.891891479492187500 82.478000640869140625
17.909910202026367188 82.424172973632806816
17.927927017211914062 82.370447540283208809
17.945945739746093750 82.316722869873046875
17.963964462280273438 82.263242340087884941
17.981981277465820312 82.209692382812505684
18.000000000000000000 82.156317138671880684
18.018018722534179688 82.102977752685546875
18.036035537719726562 82.049777984619140625
18.054054260253906250 81.996541595458978691
18.072072982788085938 81.943447113037109375
18.090089797973632812 81.890352630615240059
18.108108520507812500 81.837397003173833809
18.126125335693359375 81.784617614746096592
18.144144058227539062 81.731800842285153408
18.162162780761718750 81.679092407226562500
18.180179595947265625 81.626486968994143467
18.198198318481445312 81.573916625976565342
18.216217041015625000 81.521415710449218750
18.234233856201171875 81.469056701660150566
18.252252578735351562 81.416731262207036934
18.270269393920898438 81.364546203613286934
18.288288116455078125 81.312361145019536934
18.306306838989257812 81.260281372070309658
18.324323654174804688 81.208235168457036934
18.342342376708984375 81.156295776367187500
18.360361099243164062 81.104426574707034092
18.378377914428710938 81.052732086181634941
18.396396636962890625 81.001035308837884941
18.414415359497070312 80.949446105957036934
18.432432174682617188 80.897855377197259941
18.450450897216796875 80.846440124511715908
18.468467712402343750 80.795059204101562500
18.486486434936523438 80.743785858154296875
18.504505157470703125 80.692579650878911934
18.522521972656250000 80.641410064697268467
18.540540695190429688 80.590311431884771309
18.558559417724609375 80.539350128173822441
18.576576232910156250 80.488460540771484375
18.594594955444335938 80.437641143798828125
18.612611770629882812 80.386889648437502842
18.630630493164062500 80.336176300048833809
18.648649215698242188 80.285670471191409092
18.666666030883789062 80.235095214843752842
18.684684753417968750 80.184695434570315342
18.702703475952148438 80.134365081787109375
18.720720291137695312 80.084035491943353691
18.738739013671875000 80.033811187744134941
18.756755828857421875 79.983760833740234375
18.774774551391601562 79.933709716796869316
18.792793273925781250 79.883729553222650566
18.810810089111328125 79.833889770507809658
18.828828811645507812 79.784085845947259941
18.846847534179687500 79.734349822998041191
18.864864349365234375 79.684684753417968750
18.882883071899414062 79.635089111328127842
18.900901794433593750 79.585633087158200283
18.918918609619140625 79.536249542236333809
18.936937332153320312 79.486898803710943184
18.954954147338867188 79.437654876708990059
18.972972869873046875 79.388444519042963066
18.990991592407226562 79.339374542236328125
19.009008407592773438 79.290408325195315342
19.027027130126953125 79.241445159912103691
19.045045852661132812 79.192514801025396309
19.063062667846679688 79.143792724609369316
19.081081390380859375 79.095074462890622158
19.099098205566406250 79.046424102783205967
19.117116928100585938 78.997879791259762783
19.135135650634765625 78.949437713623041191
19.153152465820312500 78.900997924804684658
19.171171188354492188 78.852699279785156250
19.189189910888671875 78.804468536376958809
19.207206726074218750 78.756308746337893467
19.225225448608398438 78.708183288574218750
19.243244171142578125 78.660269165039068184
19.261260986328125000 78.612318420410161934
19.279279708862304688 78.564509582519534092
19.297296524047851562 78.516768646240237217
19.315315246582031250 78.469027709960940342
19.333333969116210938 78.421392822265630684
19.351350784301757812 78.373934173583990059
19.369369506835937500 78.326403808593752842
19.387388229370117188 78.279084014892575283
19.405405044555664062 78.231797027587887783
19.423423767089843750 78.184583282470697441
19.441440582275390625 78.137438964843752842
19.459459304809570312 78.090398406982416191
19.477478027343750000 78.043428039550775566
19.495494842529296875 77.996528625488281250
19.513513565063476562 77.949662017822262783
19.531532287597656250 77.902902984619146309
19.549549102783203125 77.856317901611333809
19.567567825317382812 77.809733581542971592
19.585584640502929688 77.763148498535159092
19.603603363037109375 77.716772460937505684
19.621622085571289062 77.670292663574215908
19.639638900756835938 77.624092102050781250
19.657657623291015625 77.577891540527346592
19.675676345825195312 77.531761932373044033
19.693693161010742188 77.485703277587887783
19.711711883544921875 77.439782714843744316
19.729730606079101562 77.393932342529296875
19.747747421264648438 77.348082733154299717
19.765766143798828125 77.302336883544924717
19.783782958984375000 77.256768035888669033
19.801801681518554688 77.211162567138671875
19.819822311401367188 77.165628814697271309
19.837837219238281250 77.120195770263677559
19.855855941772460938 77.074907684326177559
19.873874664306640625 77.029650878906252842
19.891891479492187500 76.984467315673825283
19.909910202026367188 76.939280700683596592
19.927927017211914062 76.894307708740228691
19.945947647094726562 76.849366760253900566
19.963964462280273438 76.804497528076169033
19.981981277465820312 76.759696960449218750
20.000000000000000000 76.715000915527340908
