4.058131873607635498e-01
5.050148963928222656e-01
5.037574768066406250e-01
5.385149717330932617e-01
3.428286015987396240e-01
3.370295464992523193e-01
3.589725196361541748e-01
3.874063789844512939e-01
4.348130524158477783e-01
2.755647897720336914e-01
3.340538144111633301e-01
4.038215875625610352e-01
3.853273987770080566e-01
3.551956117153167725e-01
2.956256270408630371e-01
3.990322649478912354e-01
6.620661020278930664e-01
4.773140847682952881e-01
5.037825107574462891e-01
3.726888895034790039e-01
4.182097911834716797e-01
2.247465997934341431e-01
3.925252556800842285e-01
4.221078157424926758e-01
5.179494619369506836e-01
3.632403016090393066e-01
3.954854905605316162e-01
4.292464554309844971e-01
5.225784182548522949e-01
4.429686069488525391e-01
5.619018673896789551e-01
5.476425290107727051e-01
2.497809678316116333e-01
4.292343854904174805e-01
4.405666291713714600e-01
3.934620618820190430e-01
5.341933965682983398e-01
3.816255033016204834e-01
4.294260740280151367e-01
3.383324444293975830e-01
4.038078784942626953e-01
3.557506501674652100e-01
4.164322912693023682e-01
3.804207146167755127e-01
4.239442944526672363e-01
3.461914062500000000e-01
7.300259470939636230e-01
4.588875770568847656e-01
4.112994372844696045e-01
5.084405541419982910e-01
2.939529716968536377e-01
4.713723659515380859e-01
4.674920439720153809e-01
2.633939385414123535e-01
3.944883942604064941e-01
4.881965517997741699e-01
4.244394600391387939e-01
4.117664396762847900e-01
3.532196879386901855e-01
3.996091783046722412e-01
4.677729010581970215e-01
4.233860373497009277e-01
5.027177333831787109e-01
3.680017590522766113e-01
3.052503168582916260e-01
4.044360816478729248e-01
4.397175610065460205e-01
3.950753211975097656e-01
3.276523947715759277e-01
4.338749051094055176e-01
3.280625343322753906e-01
3.867654204368591309e-01
3.817461133003234863e-01
3.757880330085754395e-01
5.550874471664428711e-01
3.586615622043609619e-01
3.966242372989654541e-01
4.272446036338806152e-01
5.538318753242492676e-01
3.749389052391052246e-01
2.956248223781585693e-01
4.139972329139709473e-01
3.177253901958465576e-01
4.811704158782958984e-01
5.058000683784484863e-01
3.259171247482299805e-01
4.095420241355895996e-01
4.949081838130950928e-01
4.678046703338623047e-01
4.624461829662322998e-01
3.769141137599945068e-01
5.401229262351989746e-01
3.522330820560455322e-01
5.022673606872558594e-01
5.580139160156250000e-01
3.862898051738739014e-01
5.268331766128540039e-01
4.757047593593597412e-01
4.090512394905090332e-01
5.323844552040100098e-01
3.915205299854278564e-01
3.232809007167816162e-01
4.769735932350158691e-01
2.678291499614715576e-01
5.020818710327148438e-01
3.424114882946014404e-01
4.489159584045410156e-01
5.893416404724121094e-01
3.292330801486968994e-01
4.783922433853149414e-01
6.418097019195556641e-01
3.970597684383392334e-01
3.293449580669403076e-01
2.972453534603118896e-01
4.109429419040679932e-01
5.260555148124694824e-01
3.717595040798187256e-01
4.409953951835632324e-01
3.566949069499969482e-01
3.991587162017822266e-01
4.162292480468750000e-01
4.899988174438476562e-01
4.099638164043426514e-01
4.795204102993011475e-01
2.955271303653717041e-01
3.486003577709197998e-01
3.484006822109222412e-01
4.056554138660430908e-01
4.791033864021301270e-01
4.961034953594207764e-01
3.766567111015319824e-01
4.201974570751190186e-01
3.829250037670135498e-01
3.457663357257843018e-01
4.195788204669952393e-01
3.734832704067230225e-01
4.035552442073822021e-01
4.624923467636108398e-01
3.151462376117706299e-01
3.075262010097503662e-01
4.767264723777770996e-01
4.082960188388824463e-01
4.588939547538757324e-01
4.589793980121612549e-01
4.989757835865020752e-01
4.207087457180023193e-01
4.770882725715637207e-01
5.712685585021972656e-01
5.270611643791198730e-01
3.009862601757049561e-01
2.912598252296447754e-01
3.882604539394378662e-01
3.565494716167449951e-01
2.781937122344970703e-01
4.880922138690948486e-01
4.316074252128601074e-01
5.686733126640319824e-01
3.286044299602508545e-01
4.547628164291381836e-01
3.056977093219757080e-01
6.678052544593811035e-01
3.299984335899353027e-01
3.332233428955078125e-01
3.133687376976013184e-01
5.557797551155090332e-01
3.846868574619293213e-01
4.176746010780334473e-01
3.422535657882690430e-01
4.366640746593475342e-01
3.292862176895141602e-01
3.551358282566070557e-01
4.619001150131225586e-01
4.817829132080078125e-01
4.599625468254089355e-01
4.250392913818359375e-01
4.159000515937805176e-01
4.585213363170623779e-01
4.268363118171691895e-01
4.782210290431976318e-01
3.838149607181549072e-01
3.027353882789611816e-01
4.035182893276214600e-01
3.177791535854339600e-01
3.190471231937408447e-01
3.436013460159301758e-01
3.745282292366027832e-01
3.936017155647277832e-01
3.338666558265686035e-01
3.016944825649261475e-01
3.642125427722930908e-01
3.826093971729278564e-01
4.868388473987579346e-01
5.217067599296569824e-01
3.095695376396179199e-01
5.363061428070068359e-01
3.947423696517944336e-01
4.940284192562103271e-01
4.704581797122955322e-01
4.800367057323455811e-01
5.013253688812255859e-01
3.099907338619232178e-01
4.529775381088256836e-01
3.772480189800262451e-01
4.517509937286376953e-01
3.213756978511810303e-01
4.961916804313659668e-01
5.898261070251464844e-01
5.214313864707946777e-01
3.072250187397003174e-01
3.182126581668853760e-01
4.736767113208770752e-01
4.667073488235473633e-01
3.164055943489074707e-01
4.412017762660980225e-01
4.000697731971740723e-01
4.562797546386718750e-01
5.240204930305480957e-01
3.745567798614501953e-01
6.277518868446350098e-01
4.976162314414978027e-01
3.772511780261993408e-01
3.883931934833526611e-01
4.982146322727203369e-01
4.117422997951507568e-01
4.133546054363250732e-01
3.728210628032684326e-01
3.388538360595703125e-01
3.576786220073699951e-01
3.666675388813018799e-01
4.688736796379089355e-01
5.377616286277770996e-01
4.099833369255065918e-01
3.758405447006225586e-01
3.736793100833892822e-01
4.950636625289916992e-01
3.956993222236633301e-01
3.975983560085296631e-01
3.917723596096038818e-01
4.727497994899749756e-01
4.842285811901092529e-01
2.613969445228576660e-01
4.337143898010253906e-01
4.049215912818908691e-01
3.914692997932434082e-01
3.480237722396850586e-01
3.833489716053009033e-01
4.100286364555358887e-01
2.829611599445343018e-01
4.297975003719329834e-01
4.118129611015319824e-01
2.902683019638061523e-01
4.369975924491882324e-01
4.602157771587371826e-01
3.907198905944824219e-01
4.672987759113311768e-01
4.324997365474700928e-01
3.781951367855072021e-01
4.857120215892791748e-01
5.107086896896362305e-01
4.019771516323089600e-01
3.347681164741516113e-01
4.365000128746032715e-01
4.581139087677001953e-01
3.845617175102233887e-01
5.916285514831542969e-01
4.591396749019622803e-01
3.155800402164459229e-01
3.670126497745513916e-01
3.860466480255126953e-01
4.280308783054351807e-01
4.119354784488677979e-01
2.755090296268463135e-01
3.702693283557891846e-01
3.985089361667633057e-01
3.960043787956237793e-01
3.453610539436340332e-01
4.866109490394592285e-01
4.245890378952026367e-01
3.625077903270721436e-01
3.357268571853637695e-01
2.754327356815338135e-01
4.906444847583770752e-01
5.131944417953491211e-01
3.518883287906646729e-01
2.758980989456176758e-01
4.131312668323516846e-01
3.964128196239471436e-01
2.473530322313308716e-01
5.199388861656188965e-01
3.903400301933288574e-01
4.128675758838653564e-01
3.998324871063232422e-01
3.986890316009521484e-01
4.031538665294647217e-01
3.904814720153808594e-01
3.467288613319396973e-01
3.425575792789459229e-01
5.792413353919982910e-01
4.686747491359710693e-01
3.830838501453399658e-01
4.638762176036834717e-01
3.511945009231567383e-01
3.978315889835357666e-01
6.326659917831420898e-01
3.057680130004882812e-01
4.505603611469268799e-01
4.177363514900207520e-01
5.129933357238769531e-01
3.491806983947753906e-01
3.957612216472625732e-01
2.737786769866943359e-01
5.279473662376403809e-01
4.408281743526458740e-01
5.046103000640869141e-01
3.599221408367156982e-01
4.301755428314208984e-01
5.821249485015869141e-01
4.058027863502502441e-01
3.672528266906738281e-01
3.230732381343841553e-01
3.688545823097229004e-01
3.023691475391387939e-01
3.918041288852691650e-01
4.923593699932098389e-01
4.894294142723083496e-01
3.833369016647338867e-01
4.571288228034973145e-01
5.875933766365051270e-01
4.729587435722351074e-01
3.257188200950622559e-01
3.887456953525543213e-01
3.841696083545684814e-01
3.875551223754882812e-01
4.471260905265808105e-01
4.196520447731018066e-01
5.630902051925659180e-01
5.000082254409790039e-01
6.814983487129211426e-01
2.679289579391479492e-01
3.563062250614166260e-01
4.590136110782623291e-01
4.733299911022186279e-01
3.205123245716094971e-01
3.687324821949005127e-01
3.296225666999816895e-01
4.313384294509887695e-01
4.625918567180633545e-01
3.043866455554962158e-01
4.482191503047943115e-01
5.133698582649230957e-01
4.853232800960540771e-01
3.625011146068572998e-01
4.473487436771392822e-01
3.561178147792816162e-01
5.977484583854675293e-01
4.014616608619689941e-01
3.865967392921447754e-01
5.014460086822509766e-01
4.580653309822082520e-01
4.129847884178161621e-01
3.321531414985656738e-01
4.242847561836242676e-01
3.778373897075653076e-01
3.035555183887481689e-01
4.668450355529785156e-01
3.705371320247650146e-01
4.636354446411132812e-01
4.821532368659973145e-01
4.069567918777465820e-01
3.293616175651550293e-01
4.047841131687164307e-01
5.733731389045715332e-01
5.031090378761291504e-01
3.180004954338073730e-01
4.437894523143768311e-01
2.477644681930541992e-01
3.063168525695800781e-01
4.918659925460815430e-01
4.207876920700073242e-01
3.928816914558410645e-01
3.565284609794616699e-01
3.970300555229187012e-01
5.013849735260009766e-01
2.834011912345886230e-01
4.540878832340240479e-01
3.937686383724212646e-01
3.256860375404357910e-01
3.777789771556854248e-01
4.470502734184265137e-01
2.981820702552795410e-01
3.813692629337310791e-01
3.902375400066375732e-01
3.235367834568023682e-01
4.962056577205657959e-01
5.344969630241394043e-01
2.464656680822372437e-01
4.196394979953765869e-01
5.368734002113342285e-01
4.787982106208801270e-01
3.808262646198272705e-01
3.772689104080200195e-01
4.356210827827453613e-01
4.580863714218139648e-01
4.373701214790344238e-01
4.398821294307708740e-01
2.837999165058135986e-01
3.934596478939056396e-01
3.583271205425262451e-01
3.482796549797058105e-01
4.934093952178955078e-01
3.962668776512145996e-01
5.690842270851135254e-01
4.110269546508789062e-01
4.272819757461547852e-01
4.653557538986206055e-01
3.505701720714569092e-01
3.516060113906860352e-01
5.181363224983215332e-01
4.098438322544097900e-01
4.463047683238983154e-01
4.432661533355712891e-01
3.647179305553436279e-01
4.722331464290618896e-01
2.660996913909912109e-01
3.864772021770477295e-01
4.681049883365631104e-01
3.317194283008575439e-01
3.775905966758728027e-01
3.524148464202880859e-01
3.495366573333740234e-01
3.622736036777496338e-01
4.720589518547058105e-01
4.662390649318695068e-01
2.736527621746063232e-01
3.379739820957183838e-01
5.251719355583190918e-01
4.711430370807647705e-01
4.173062741756439209e-01
4.548662304878234863e-01
5.351007580757141113e-01
3.558716177940368652e-01
4.621005952358245850e-01
4.806381464004516602e-01
3.853757679462432861e-01
3.078205585479736328e-01
3.326999247074127197e-01
4.548928439617156982e-01
2.875168025493621826e-01
4.589379131793975830e-01
3.034120798110961914e-01
5.769434571266174316e-01
5.289887785911560059e-01
3.172505795955657959e-01
4.825812578201293945e-01
5.275586843490600586e-01
5.527775287628173828e-01
3.751377165317535400e-01
4.297945201396942139e-01
3.699556589126586914e-01
3.179001510143280029e-01
5.115572810173034668e-01
3.430640697479248047e-01
5.448629856109619141e-01
3.246322274208068848e-01
6.063707470893859863e-01
2.662480175495147705e-01
2.830586135387420654e-01
5.235154032707214355e-01
5.047949552536010742e-01
3.467284142971038818e-01
5.101650357246398926e-01
4.063070118427276611e-01
4.572694599628448486e-01
5.309511423110961914e-01
4.357313811779022217e-01
4.295562803745269775e-01
3.541493117809295654e-01
3.017905354499816895e-01
3.976306915283203125e-01
3.772702813148498535e-01
5.242578387260437012e-01
4.159405231475830078e-01
6.090004444122314453e-01
3.487339913845062256e-01
4.466584920883178711e-01
4.564955830574035645e-01
3.728154599666595459e-01
3.853819668292999268e-01
3.230180144309997559e-01
4.641564786434173584e-01
5.121003985404968262e-01
3.938598930835723877e-01
3.649043142795562744e-01
3.460188806056976318e-01
4.970814883708953857e-01
3.696985542774200439e-01
3.190123438835144043e-01
4.882804453372955322e-01
4.501837193965911865e-01
5.359501242637634277e-01
3.729934990406036377e-01
5.216165781021118164e-01
4.610579013824462891e-01
6.639470458030700684e-01
3.408747613430023193e-01
4.268849790096282959e-01
4.278359711170196533e-01
4.420155286788940430e-01
3.933289051055908203e-01
2.614185512065887451e-01
4.237520396709442139e-01
4.496181011199951172e-01
3.914739191532135010e-01
6.471404433250427246e-01
2.856003642082214355e-01
5.600346326828002930e-01
4.609782993793487549e-01
4.808236956596374512e-01
5.503842830657958984e-01
5.454972982406616211e-01
3.594332337379455566e-01
3.442602753639221191e-01
3.632164299488067627e-01
4.962315559387207031e-01
3.766231536865234375e-01
5.547137260437011719e-01
4.701213240623474121e-01
3.210897147655487061e-01
4.774848222732543945e-01
4.796251654624938965e-01
4.208802580833435059e-01
4.127672016620635986e-01
3.932150602340698242e-01
3.521766662597656250e-01
4.967027306556701660e-01
3.823395371437072754e-01
4.604026675224304199e-01
3.277506828308105469e-01
4.179935753345489502e-01
3.755563795566558838e-01
4.210542738437652588e-01
2.743318676948547363e-01
4.316176176071166992e-01
2.677365541458129883e-01
3.899998366832733154e-01
2.735111117362976074e-01
3.647469282150268555e-01
3.482693433761596680e-01
2.991744279861450195e-01
3.510814011096954346e-01
4.078555107116699219e-01
3.548866212368011475e-01
4.608050882816314697e-01
3.446496129035949707e-01
4.517985880374908447e-01
3.826449811458587646e-01
5.897949934005737305e-01
4.467232823371887207e-01
2.979599535465240479e-01
5.120289325714111328e-01
3.922994434833526611e-01
4.904726743698120117e-01
3.606560826301574707e-01
4.427465200424194336e-01
3.516360223293304443e-01
3.090402483940124512e-01
3.977321982383728027e-01
4.594288766384124756e-01
4.550294578075408936e-01
4.050974547863006592e-01
3.076195120811462402e-01
3.703915774822235107e-01
3.895774483680725098e-01
6.095075607299804688e-01
4.774088561534881592e-01
2.808801829814910889e-01
3.080761134624481201e-01
3.355025351047515869e-01
4.634940624237060547e-01
6.052471399307250977e-01
3.791854679584503174e-01
2.702001333236694336e-01
5.749080181121826172e-01
3.824943304061889648e-01
5.875436663627624512e-01
2.857895493507385254e-01
4.908888339996337891e-01
4.674907624721527100e-01
4.069267213344573975e-01
4.398608207702636719e-01
5.528582930564880371e-01
3.601619899272918701e-01
4.088223874568939209e-01
4.792077839374542236e-01
3.747816085815429688e-01
3.291848003864288330e-01
5.179747939109802246e-01
2.910372614860534668e-01
3.469126522541046143e-01
4.543603360652923584e-01
3.036386370658874512e-01
3.033843636512756348e-01
3.869549930095672607e-01
3.497704863548278809e-01
3.925632536411285400e-01
4.277451038360595703e-01
3.201860785484313965e-01
3.224220275878906250e-01
5.198904871940612793e-01
5.866755843162536621e-01
2.952254116535186768e-01
4.468871355056762695e-01
3.771997690200805664e-01
3.838437795639038086e-01
3.569565713405609131e-01
4.442341029644012451e-01
4.314269423484802246e-01
4.598411917686462402e-01
4.463680386543273926e-01
2.666646540164947510e-01
4.788690209388732910e-01
3.880161643028259277e-01
4.086942672729492188e-01
3.316893279552459717e-01
4.894252717494964600e-01
4.767993390560150146e-01
4.776808917522430420e-01
3.109547197818756104e-01
5.646249651908874512e-01
4.987744688987731934e-01
5.895274877548217773e-01
4.021338522434234619e-01
5.888622999191284180e-01
3.346320092678070068e-01
3.408125936985015869e-01
2.276314795017242432e-01
4.830929934978485107e-01
3.210160434246063232e-01
4.328891932964324951e-01
5.780031681060791016e-01
2.198796719312667847e-01
4.036458134651184082e-01
4.728783071041107178e-01
4.951876699924468994e-01
4.141092002391815186e-01
3.394138216972351074e-01
3.546727001667022705e-01
5.428489446640014648e-01
3.797219395637512207e-01
5.760821700096130371e-01
3.102768063545227051e-01
4.038361012935638428e-01
3.491273522377014160e-01
3.585195541381835938e-01
3.756925463676452637e-01
4.619310200214385986e-01
4.300349354743957520e-01
4.300594329833984375e-01
5.333883166313171387e-01
3.874644637107849121e-01
3.367106020450592041e-01
4.977243542671203613e-01
4.033546149730682373e-01
4.008609950542449951e-01
4.764005243778228760e-01
4.475969672203063965e-01
3.830661773681640625e-01
5.144195556640625000e-01
3.695434629917144775e-01
3.532517850399017334e-01
3.637130558490753174e-01
3.826026618480682373e-01
5.201804637908935547e-01
4.704293310642242432e-01
3.873529136180877686e-01
4.769912958145141602e-01
6.437443494796752930e-01
3.895165026187896729e-01
3.296154141426086426e-01
4.440155327320098877e-01
2.942447960376739502e-01
3.807195425033569336e-01
4.392672181129455566e-01
4.325281977653503418e-01
3.515881597995758057e-01
3.968821167945861816e-01
4.288694560527801514e-01
2.771964669227600098e-01
3.522946536540985107e-01
4.866608381271362305e-01
3.216392695903778076e-01
3.304510116577148438e-01
4.510714411735534668e-01
4.130986630916595459e-01
4.795948266983032227e-01
4.062992930412292480e-01
3.769705593585968018e-01
4.081589877605438232e-01
4.165636897087097168e-01
3.898943364620208740e-01
3.101212680339813232e-01
5.189335942268371582e-01
4.211476743221282959e-01
4.482762217521667480e-01
4.067853987216949463e-01
6.172959804534912109e-01
4.803532958030700684e-01
4.075600206851959229e-01
5.121391415596008301e-01
3.725157976150512695e-01
4.061158001422882080e-01
4.239029586315155029e-01
3.323630392551422119e-01
4.385291337966918945e-01
3.805684447288513184e-01
5.117830038070678711e-01
3.802234232425689697e-01
3.770061433315277100e-01
4.551957845687866211e-01
4.600242376327514648e-01
4.928027987480163574e-01
4.643917977809906006e-01
4.277448058128356934e-01
3.480429053306579590e-01
4.083291888236999512e-01
4.634836018085479736e-01
4.390691816806793213e-01
3.578794896602630615e-01
3.619271218776702881e-01
5.085801482200622559e-01
4.371125996112823486e-01
2.884285151958465576e-01
4.277069866657257080e-01
4.339588880538940430e-01
3.839389085769653320e-01
2.649450302124023438e-01
5.669860243797302246e-01
4.916287362575531006e-01
3.880912065505981445e-01
3.832839429378509521e-01
3.844362795352935791e-01
3.827064335346221924e-01
2.962331473827362061e-01
5.149084925651550293e-01
3.522845208644866943e-01
4.463968575000762939e-01
4.996337890625000000e-01
3.911509513854980469e-01
3.214963078498840332e-01
2.989855706691741943e-01
4.977292120456695557e-01
4.381188750267028809e-01
3.742616176605224609e-01
4.204939007759094238e-01
5.142191052436828613e-01
4.626716673374176025e-01
4.083397686481475830e-01
4.393872916698455811e-01
5.357251167297363281e-01
3.146155476570129395e-01
3.256444334983825684e-01
4.151037931442260742e-01
4.095851182937622070e-01
3.333815634250640869e-01
4.041881561279296875e-01
4.583922028541564941e-01
4.702184796333312988e-01
5.088440179824829102e-01
3.702800273895263672e-01
4.717364013195037842e-01
4.640817344188690186e-01
5.155277848243713379e-01
3.233225047588348389e-01
3.511149585247039795e-01
4.300868511199951172e-01
4.862179756164550781e-01
3.689686357975006104e-01
3.523596227169036865e-01
3.202703595161437988e-01
3.711030483245849609e-01
3.409177958965301514e-01
5.604879856109619141e-01
3.618827462196350098e-01
3.838110268115997314e-01
4.021092057228088379e-01
3.070991337299346924e-01
3.728475570678710938e-01
3.317897617816925049e-01
4.893033206462860107e-01
4.410949945449829102e-01
5.238257050514221191e-01
3.303129374980926514e-01
3.949255645275115967e-01
5.011307001113891602e-01
2.994282543659210205e-01
4.495805203914642334e-01
3.371350765228271484e-01
2.887413501739501953e-01
4.507676661014556885e-01
3.051114380359649658e-01
3.537323474884033203e-01
4.864314496517181396e-01
3.394003808498382568e-01
4.343511164188385010e-01
3.626041710376739502e-01
3.744638860225677490e-01
3.869452774524688721e-01
4.185771644115447998e-01
5.119981169700622559e-01
2.991889119148254395e-01
2.829735875129699707e-01
5.198922753334045410e-01
4.859530329704284668e-01
4.156102836132049561e-01
3.426693379878997803e-01
3.976352214813232422e-01
3.261657655239105225e-01
3.872449100017547607e-01
5.819908380508422852e-01
3.152908384799957275e-01
3.023950755596160889e-01
3.859188258647918701e-01
3.142312169075012207e-01
4.840727746486663818e-01
3.196552097797393799e-01
4.645260572433471680e-01
4.546646475791931152e-01
4.619722962379455566e-01
5.617570281028747559e-01
3.184213638305664062e-01
5.151411294937133789e-01
4.652877748012542725e-01
2.686222195625305176e-01
2.882675528526306152e-01
5.408464074134826660e-01
4.723522961139678955e-01
5.018820762634277344e-01
4.642607867717742920e-01
4.282634258270263672e-01
3.657385706901550293e-01
4.657052755355834961e-01
4.883282482624053955e-01
3.139463067054748535e-01
3.055171072483062744e-01
5.438291430473327637e-01
4.635303616523742676e-01
3.783104717731475830e-01
3.275515735149383545e-01
4.302014410495758057e-01
4.142045378684997559e-01
4.095650315284729004e-01
2.819865942001342773e-01
5.346439480781555176e-01
4.397591650485992432e-01
5.334315299987792969e-01
5.187548398971557617e-01
3.188847005367279053e-01
5.039526820182800293e-01
3.985092937946319580e-01
4.493650794029235840e-01
5.795130133628845215e-01
4.033748209476470947e-01
3.634686172008514404e-01
3.160758316516876221e-01
4.983030557632446289e-01
4.100993573665618896e-01
3.933993875980377197e-01
3.143155574798583984e-01
3.475541472434997559e-01
5.168460011482238770e-01
4.899713099002838135e-01
3.698519766330718994e-01
3.568763732910156250e-01
3.942628800868988037e-01
2.949627637863159180e-01
2.693666517734527588e-01
2.876681983470916748e-01
4.073273837566375732e-01
4.787489175796508789e-01
4.197338819503784180e-01
2.788639068603515625e-01
4.310101568698883057e-01
3.412235081195831299e-01
3.599851131439208984e-01
4.263401329517364502e-01
5.131457448005676270e-01
3.664163947105407715e-01
4.166963994503021240e-01
3.284684419631958008e-01
3.892264068126678467e-01
4.258572757244110107e-01
6.115690469741821289e-01
4.165439009666442871e-01
3.342805504798889160e-01
4.487529098987579346e-01
4.535230100154876709e-01
3.578903377056121826e-01
3.188510537147521973e-01
2.696937322616577148e-01
4.335446059703826904e-01
6.292750239372253418e-01
3.240795731544494629e-01
4.134717881679534912e-01
3.543467223644256592e-01
3.110831081867218018e-01
2.765135169029235840e-01
5.190952420234680176e-01
3.037339150905609131e-01
4.116688370704650879e-01
5.168011188507080078e-01
4.025941789150238037e-01
3.050282597541809082e-01
3.843702971935272217e-01
3.763832151889801025e-01
3.921781480312347412e-01
4.403699040412902832e-01
5.132086277008056641e-01
3.840053975582122803e-01
5.352553725242614746e-01
5.266585946083068848e-01
4.954194426536560059e-01
3.447281122207641602e-01
5.330353975296020508e-01
5.093362927436828613e-01
3.481183350086212158e-01
3.769066929817199707e-01
2.980262041091918945e-01
4.448348283767700195e-01
3.267780244350433350e-01
3.546394705772399902e-01
3.436552882194519043e-01
4.930661916732788086e-01
4.820540845394134521e-01
3.574811518192291260e-01
3.636503815650939941e-01
3.914035260677337646e-01
3.943930268287658691e-01
4.170260727405548096e-01
5.326776504516601562e-01
5.052528381347656250e-01
3.533802330493927002e-01
4.844769537448883057e-01
5.290706753730773926e-01
5.251784324645996094e-01
4.468667209148406982e-01
3.163930773735046387e-01
4.434445798397064209e-01
4.680261015892028809e-01
3.520010411739349365e-01
5.485965609550476074e-01
4.283523261547088623e-01
2.985704243183135986e-01
4.207503795623779297e-01
3.816764652729034424e-01
3.883388638496398926e-01
5.814896821975708008e-01
4.553446173667907715e-01
3.612821400165557861e-01
4.022156000137329102e-01
4.932424426078796387e-01
3.448030054569244385e-01
3.691611588001251221e-01
4.057544767856597900e-01
4.003463685512542725e-01
4.869347810745239258e-01
4.112574160099029541e-01
4.646813273429870605e-01
3.673084676265716553e-01
2.960031330585479736e-01
5.787801742553710938e-01
3.098226487636566162e-01
4.150636494159698486e-01
5.580555796623229980e-01
3.664841353893280029e-01
4.035301506519317627e-01
3.049840331077575684e-01
4.622346758842468262e-01
5.368995070457458496e-01
4.667452573776245117e-01
4.128940999507904053e-01
5.834381580352783203e-01
3.294219970703125000e-01
5.904239416122436523e-01
2.860707640647888184e-01
3.631606996059417725e-01
3.266572058200836182e-01
5.488617420196533203e-01
5.934571623802185059e-01
4.300082027912139893e-01
5.182470679283142090e-01
4.367308616638183594e-01
3.022146821022033691e-01
3.241558670997619629e-01
3.309147655963897705e-01
4.594129025936126709e-01
4.950763583183288574e-01
3.227248489856719971e-01
4.953113496303558350e-01
4.737105965614318848e-01
5.664799809455871582e-01
4.102296829223632812e-01
4.362080991268157959e-01
4.430337846279144287e-01
3.206166625022888184e-01
3.698063194751739502e-01
5.062537789344787598e-01
3.483081758022308350e-01
3.217262327671051025e-01
4.475735723972320557e-01
3.499767780303955078e-01
5.680524110794067383e-01
4.599160254001617432e-01
4.802015125751495361e-01
5.662727355957031250e-01
4.936978220939636230e-01
4.067951142787933350e-01
3.797372877597808838e-01
4.660921394824981689e-01
3.108052611351013184e-01
4.383470714092254639e-01
4.837017655372619629e-01
3.953613042831420898e-01
5.570665597915649414e-01
4.568512737751007080e-01
3.386501371860504150e-01
3.507659137248992920e-01
3.456302881240844727e-01
6.871380209922790527e-01
6.262528896331787109e-01
3.324194550514221191e-01
5.106494426727294922e-01
4.633420705795288086e-01
3.605449497699737549e-01
3.212761878967285156e-01
3.536450266838073730e-01
6.189626455307006836e-01
3.293036520481109619e-01
4.332897067070007324e-01
3.977580368518829346e-01
4.663436114788055420e-01
4.254721701145172119e-01
4.540845155715942383e-01
5.505459904670715332e-01
4.834547936916351318e-01
5.939327478408813477e-01
4.832437932491302490e-01
5.395089387893676758e-01
3.791694343090057373e-01
3.764830529689788818e-01
4.748745262622833252e-01
3.256377577781677246e-01
5.035168528556823730e-01
4.321631789207458496e-01
3.550393879413604736e-01
4.610303044319152832e-01
5.684603452682495117e-01
3.082923293113708496e-01
3.680478930473327637e-01
4.961695671081542969e-01
4.213240146636962891e-01
2.719726562500000000e-01
3.582699894905090332e-01
3.911306858062744141e-01
4.902749359607696533e-01
4.261184632778167725e-01
3.470422625541687012e-01
4.924031496047973633e-01
4.314580857753753662e-01
3.853939175605773926e-01
3.432276546955108643e-01
4.585787057876586914e-01
3.849142193794250488e-01
3.047805130481719971e-01
4.911430776119232178e-01
3.933296501636505127e-01
3.510358333587646484e-01
4.913375079631805420e-01
3.804743885993957520e-01
4.123325645923614502e-01
3.655655086040496826e-01
4.181463420391082764e-01
4.164415895938873291e-01
4.068621397018432617e-01
5.188571214675903320e-01
3.825312256813049316e-01
3.527931869029998779e-01
3.886492252349853516e-01
4.979493916034698486e-01
3.393303751945495605e-01
4.325687587261199951e-01
4.407395720481872559e-01
4.299962222576141357e-01
3.461775183677673340e-01
4.215113818645477295e-01
3.795198798179626465e-01
4.362070560455322266e-01
3.684981465339660645e-01
4.672753810882568359e-01
4.505966603755950928e-01
4.784600138664245605e-01
4.310920536518096924e-01
4.872721433639526367e-01
4.528723657131195068e-01
2.991924881935119629e-01
3.382139801979064941e-01
5.406174063682556152e-01
2.550844550132751465e-01
5.129957795143127441e-01
4.426158666610717773e-01
3.658197522163391113e-01
2.847588658332824707e-01
3.141760826110839844e-01
4.528601169586181641e-01
4.858719408512115479e-01
2.660372257232666016e-01
4.672140777111053467e-01
3.172379732131958008e-01
3.360446691513061523e-01
3.381318151950836182e-01
4.320006072521209717e-01
3.665637373924255371e-01
3.319828808307647705e-01
3.055058717727661133e-01
3.000417649745941162e-01
4.533235728740692139e-01
3.539702892303466797e-01
3.396890461444854736e-01
3.674343228340148926e-01
2.819091677665710449e-01
3.628081977367401123e-01
4.105481803417205811e-01
6.249093413352966309e-01
3.651194274425506592e-01
4.173385500907897949e-01
4.787845313549041748e-01
3.685540258884429932e-01
2.874570190906524658e-01
4.277831017971038818e-01
3.526268005371093750e-01
4.718742072582244873e-01
6.065077185630798340e-01
3.394845724105834961e-01
3.377325534820556641e-01
4.321753680706024170e-01
5.243853926658630371e-01
4.786010682582855225e-01
4.635188877582550049e-01
2.996930480003356934e-01
4.522209763526916504e-01
3.538108766078948975e-01
4.290010929107666016e-01
4.821991920471191406e-01
3.410595357418060303e-01
5.211247801780700684e-01
4.322302937507629395e-01
3.963656425476074219e-01
3.569282889366149902e-01
4.435089230537414551e-01
3.182768225669860840e-01
5.602603554725646973e-01
3.587325811386108398e-01
5.383185148239135742e-01
4.955001175403594971e-01
2.886630594730377197e-01
3.822457790374755859e-01
2.589572072029113770e-01
3.873177766799926758e-01
3.510811030864715576e-01
4.138298630714416504e-01
3.906368017196655273e-01
3.907644152641296387e-01
3.989111483097076416e-01
4.140151739120483398e-01
3.625229299068450928e-01
3.320825994014739990e-01
4.039032757282257080e-01
2.770650684833526611e-01
4.667662084102630615e-01
4.281683862209320068e-01
4.471328258514404297e-01
4.553140401840209961e-01
5.233788490295410156e-01
3.692229092121124268e-01
5.269264578819274902e-01
2.684223651885986328e-01
3.621080815792083740e-01
4.067087173461914062e-01
4.109618365764617920e-01
3.328984081745147705e-01
4.489484727382659912e-01
4.142280220985412598e-01
6.347585320472717285e-01
4.879779517650604248e-01
3.393009305000305176e-01
3.900505304336547852e-01
4.408556222915649414e-01
4.425952732563018799e-01
3.633970618247985840e-01
2.781926095485687256e-01
5.545319914817810059e-01
5.103390812873840332e-01
4.957995116710662842e-01
4.319249987602233887e-01
4.020846486091613770e-01
4.639535844326019287e-01
3.816114068031311035e-01
4.762775897979736328e-01
5.136948823928833008e-01
4.727735221385955811e-01
3.935214579105377197e-01
3.869174420833587646e-01
2.446942776441574097e-01
4.935601055622100830e-01
4.020065963268280029e-01
3.590593636035919189e-01
3.765699267387390137e-01
4.971901774406433105e-01
7.022976279258728027e-01
4.129173755645751953e-01
5.794917345046997070e-01
4.527123868465423584e-01
3.469980955123901367e-01
4.446952342987060547e-01
4.015930294990539551e-01
5.338820219039916992e-01
3.701187372207641602e-01
3.671172857284545898e-01
3.694896697998046875e-01
5.298722386360168457e-01
4.202340543270111084e-01
4.805805385112762451e-01
3.730022013187408447e-01
5.701880455017089844e-01
3.726262152194976807e-01
3.590219020843505859e-01
5.052853226661682129e-01
4.238394498825073242e-01
4.521221518516540527e-01
3.745122551918029785e-01
3.954171538352966309e-01
7.286345362663269043e-01
5.879796147346496582e-01
3.062177598476409912e-01
2.553376555442810059e-01
4.080902040004730225e-01
5.319179892539978027e-01
3.942387700080871582e-01
3.980343639850616455e-01
4.065039753913879395e-01
3.391240537166595459e-01
5.305126905441284180e-01
4.850554466247558594e-01
4.296303391456604004e-01
3.460099995136260986e-01
4.040346145629882812e-01
3.669864833354949951e-01
4.201623499393463135e-01
3.471430242061614990e-01
3.407995998859405518e-01
2.883807122707366943e-01
2.868638038635253906e-01
2.820602357387542725e-01
4.170483648777008057e-01
4.669949412345886230e-01
4.836610853672027588e-01
3.936033546924591064e-01
3.482873439788818359e-01
3.487802743911743164e-01
4.356372356414794922e-01
4.762787222862243652e-01
2.721464931964874268e-01
4.779618382453918457e-01
4.989562332630157471e-01
3.726829886436462402e-01
4.533678293228149414e-01
3.852900862693786621e-01
5.169261693954467773e-01
4.875394701957702637e-01
6.175523400306701660e-01
5.128790140151977539e-01
2.768279314041137695e-01
4.012465775012969971e-01
4.110102951526641846e-01
3.353623747825622559e-01
4.072355628013610840e-01
3.729642033576965332e-01
3.903198838233947754e-01
4.749124348163604736e-01
3.248620927333831787e-01
4.730498492717742920e-01
3.195312917232513428e-01
3.939264118671417236e-01
6.100827455520629883e-01
4.936282634735107422e-01
3.506104052066802979e-01
3.775254786014556885e-01
5.027905106544494629e-01
5.200549364089965820e-01
4.842727482318878174e-01
3.472713530063629150e-01
4.218086898326873779e-01
4.005797803401947021e-01
3.488553166389465332e-01
3.336596190929412842e-01
4.922003149986267090e-01
5.526117682456970215e-01
5.038508176803588867e-01
4.132284224033355713e-01
3.924881517887115479e-01
3.776260316371917725e-01
3.096290528774261475e-01
5.761182904243469238e-01
3.320093452930450439e-01
3.290258646011352539e-01
4.199416637420654297e-01
3.532100915908813477e-01
3.868828713893890381e-01
3.641997277736663818e-01
3.450104892253875732e-01
3.471388220787048340e-01
3.341373503208160400e-01
3.902566432952880859e-01
3.587060570716857910e-01
3.326791822910308838e-01
3.538578450679779053e-01
4.818886220455169678e-01
4.109864532947540283e-01
4.171070754528045654e-01
4.232115149497985840e-01
3.865995705127716064e-01
5.704452991485595703e-01
3.315409719944000244e-01
3.992342054843902588e-01
4.139361083507537842e-01
3.205593228340148926e-01
4.095189273357391357e-01
3.731760680675506592e-01
3.895007967948913574e-01
4.880271255970001221e-01
2.371408045291900635e-01
4.394722282886505127e-01
6.387272477149963379e-01
5.238521695137023926e-01
3.633814454078674316e-01
4.559378921985626221e-01
3.639747500419616699e-01
6.080316901206970215e-01
5.892490744590759277e-01
5.287568569183349609e-01
4.234491884708404541e-01
4.449670612812042236e-01
3.287090659141540527e-01
3.948981463909149170e-01
5.293506383895874023e-01
3.655454814434051514e-01
5.062605142593383789e-01
4.410023093223571777e-01
4.757880568504333496e-01
3.241686820983886719e-01
4.670868813991546631e-01
3.677871823310852051e-01
4.020786881446838379e-01
3.448477685451507568e-01
4.431203603744506836e-01
4.313355088233947754e-01
4.747115373611450195e-01
2.776995003223419189e-01
3.486072421073913574e-01
4.301711618900299072e-01
4.767418205738067627e-01
4.476650357246398926e-01
4.145287871360778809e-01
3.443506658077239990e-01
5.866742134094238281e-01
3.607926666736602783e-01
3.765364289283752441e-01
3.619210422039031982e-01
3.869981765747070312e-01
4.449326694011688232e-01
4.206450879573822021e-01
4.635327458381652832e-01
3.195772171020507812e-01
3.702538013458251953e-01
3.497010171413421631e-01
3.312823176383972168e-01
4.617667794227600098e-01
4.602582454681396484e-01
5.301763415336608887e-01
4.858917593955993652e-01
4.253022372722625732e-01
3.954660892486572266e-01
4.189278185367584229e-01
4.274312257766723633e-01
4.018051326274871826e-01
4.950285851955413818e-01
4.966966211795806885e-01
4.381503462791442871e-01
3.593992888927459717e-01
4.080439805984497070e-01
3.911628127098083496e-01
2.974210679531097412e-01
3.603195250034332275e-01
3.784228563308715820e-01
3.539626896381378174e-01
4.654017984867095947e-01
3.967514932155609131e-01
4.173723757266998291e-01
4.365148842334747314e-01
3.022186458110809326e-01
4.007472395896911621e-01
3.942802548408508301e-01
5.218474864959716797e-01
4.269951879978179932e-01
3.741565644741058350e-01
3.577100634574890137e-01
4.621121287345886230e-01
3.793185651302337646e-01
4.179203510284423828e-01
4.308232069015502930e-01
3.603633940219879150e-01
2.434781044721603394e-01
4.996158778667449951e-01
4.189218878746032715e-01
3.442510068416595459e-01
3.797544240951538086e-01
2.852801978588104248e-01
3.665762841701507568e-01
3.063494563102722168e-01
5.142390131950378418e-01
4.743437469005584717e-01
3.470375239849090576e-01
2.609791755676269531e-01
4.470135867595672607e-01
5.643028616905212402e-01
3.570431768894195557e-01
4.383027851581573486e-01
2.784720659255981445e-01
3.766300678253173828e-01
4.281409382820129395e-01
3.507717549800872803e-01
4.955180883407592773e-01
4.121065735816955566e-01
4.419752359390258789e-01
2.419367432594299316e-01
3.058947920799255371e-01
3.091898262500762939e-01
4.119182229042053223e-01
3.773672878742218018e-01
5.192405581474304199e-01
3.965749740600585938e-01
3.723198175430297852e-01
5.173085927963256836e-01
3.118445873260498047e-01
3.700898587703704834e-01
5.118497610092163086e-01
5.673869848251342773e-01
4.965865015983581543e-01
5.230661630630493164e-01
4.043349027633666992e-01
4.285248517990112305e-01
4.113423526287078857e-01
3.951136767864227295e-01
3.512219786643981934e-01
5.164029598236083984e-01
4.809709787368774414e-01
4.352822899818420410e-01
3.245763778686523438e-01
3.867165744304656982e-01
3.693873882293701172e-01
3.366515338420867920e-01
3.852097988128662109e-01
4.346576035022735596e-01
3.874219357967376709e-01
3.138278722763061523e-01
3.252890706062316895e-01
4.334722459316253662e-01
5.128033757209777832e-01
4.120837152004241943e-01
3.145382404327392578e-01
4.660194218158721924e-01
5.305968523025512695e-01
4.837739169597625732e-01
5.108659267425537109e-01
5.340422987937927246e-01
3.007211983203887939e-01
4.339311122894287109e-01
2.591736316680908203e-01
3.566159009933471680e-01
3.392850458621978760e-01
4.435019493103027344e-01
3.592742979526519775e-01
4.784158170223236084e-01
4.323337078094482422e-01
3.526225686073303223e-01
2.844080328941345215e-01
4.455438554286956787e-01
3.666492402553558350e-01
3.039124310016632080e-01
3.826183676719665527e-01
3.487058281898498535e-01
3.084515035152435303e-01
3.953478038311004639e-01
4.650205671787261963e-01
3.846714496612548828e-01
3.730250597000122070e-01
3.708118498325347900e-01
4.463426768779754639e-01
4.462666213512420654e-01
5.330285429954528809e-01
3.286786377429962158e-01
4.710774421691894531e-01
4.049500524997711182e-01
3.395314812660217285e-01
4.503650069236755371e-01
3.378638923168182373e-01
4.791681468486785889e-01
3.232526779174804688e-01
4.201548993587493896e-01
3.343854546546936035e-01
3.407442867755889893e-01
4.806215763092041016e-01
3.758615851402282715e-01
3.946321010589599609e-01
5.508291125297546387e-01
3.135192394256591797e-01
3.048134744167327881e-01
4.079666733741760254e-01
4.897136390209197998e-01
3.601698577404022217e-01
4.210762381553649902e-01
4.071300625801086426e-01
4.143381714820861816e-01
4.452972114086151123e-01
4.135975241661071777e-01
5.514385104179382324e-01
2.813501358032226562e-01
3.712652325630187988e-01
3.247111439704895020e-01
5.064447522163391113e-01
4.251614511013031006e-01
3.757775127887725830e-01
4.282975792884826660e-01
6.047394871711730957e-01
4.120302796363830566e-01
3.799454569816589355e-01
3.280788958072662354e-01
4.519604146480560303e-01
4.357906579971313477e-01
5.151189565658569336e-01
3.161803185939788818e-01
3.995715975761413574e-01
4.107341468334197998e-01
3.404650688171386719e-01
5.762599706649780273e-01
5.676900744438171387e-01
5.415136814117431641e-01
3.106535375118255615e-01
4.956550598144531250e-01
4.514242112636566162e-01
4.982882738113403320e-01
4.505904614925384521e-01
4.037339687347412109e-01
4.261507689952850342e-01
3.879853785037994385e-01
5.070504546165466309e-01
4.409930408000946045e-01
4.140864014625549316e-01
3.348616659641265869e-01
3.827750086784362793e-01
3.172313272953033447e-01
4.812399446964263916e-01
3.261544406414031982e-01
2.771710753440856934e-01
4.539475142955780029e-01
4.074190258979797363e-01
3.976198732852935791e-01
3.326782584190368652e-01
3.477858901023864746e-01
4.689588546752929688e-01
4.243445098400115967e-01
3.237249553203582764e-01
4.490769505500793457e-01
3.646464347839355469e-01
4.736527800559997559e-01
3.897763192653656006e-01
4.435736536979675293e-01
3.568550944328308105e-01
5.627591013908386230e-01
3.867812454700469971e-01
4.132336378097534180e-01
3.696841895580291748e-01
3.992995321750640869e-01
3.925376534461975098e-01
4.677854180335998535e-01
3.816037178039550781e-01
5.719876885414123535e-01
3.373560905456542969e-01
4.090604484081268311e-01
4.650027453899383545e-01
2.628653347492218018e-01
4.187437295913696289e-01
4.184474050998687744e-01
3.806958198547363281e-01
4.809195697307586670e-01
4.422827661037445068e-01
3.233164846897125244e-01
2.723832130432128906e-01
3.445428311824798584e-01
3.751410841941833496e-01
5.175559520721435547e-01
3.559345304965972900e-01
3.513599038124084473e-01
5.170366168022155762e-01
3.772087991237640381e-01
5.238710045814514160e-01
4.032245576381683350e-01
4.227893054485321045e-01
5.293996930122375488e-01
4.080835282802581787e-01
3.187757730484008789e-01
4.455327987670898438e-01
5.982402563095092773e-01
4.436268210411071777e-01
3.509762287139892578e-01
3.558519780635833740e-01
3.239205479621887207e-01
4.459092617034912109e-01
4.363478124141693115e-01
3.790773749351501465e-01
3.867623507976531982e-01
5.171877145767211914e-01
4.536019563674926758e-01
3.642359077930450439e-01
4.498098492622375488e-01
3.379035294055938721e-01
4.003816545009613037e-01
4.348840415477752686e-01
4.729064404964447021e-01
3.881343007087707520e-01
3.762770593166351318e-01
3.792303502559661865e-01
3.974311649799346924e-01
5.127457976341247559e-01
3.419362902641296387e-01
3.876905441284179688e-01
5.761041045188903809e-01
3.520700633525848389e-01
4.034480452537536621e-01
3.314451873302459717e-01
3.933939635753631592e-01
2.854817509651184082e-01
2.653042078018188477e-01
4.266135394573211670e-01
4.917063415050506592e-01
3.798829019069671631e-01
3.716498911380767822e-01
3.836293518543243408e-01
4.444869458675384521e-01
3.366345465183258057e-01
4.169076383113861084e-01
4.242824316024780273e-01
3.868488073348999023e-01
3.674568533897399902e-01
3.297527432441711426e-01
4.973264038562774658e-01
3.833155930042266846e-01
2.792716026306152344e-01
4.189281463623046875e-01
4.713427126407623291e-01
4.479148387908935547e-01
4.736966490745544434e-01
4.234614372253417969e-01
3.096524477005004883e-01
3.492704033851623535e-01
4.055475890636444092e-01
4.173753559589385986e-01
3.704785406589508057e-01
5.547693371772766113e-01
4.264263510704040527e-01
4.029926061630249023e-01
3.482388257980346680e-01
3.030594885349273682e-01
4.539518654346466064e-01
5.573044419288635254e-01
3.520414531230926514e-01
4.273828566074371338e-01
4.098483324050903320e-01
2.904174625873565674e-01
3.865557312965393066e-01
5.005446076393127441e-01
5.134087800979614258e-01
4.490915834903717041e-01
2.707695364952087402e-01
3.669480681419372559e-01
4.397135972976684570e-01
4.843769669532775879e-01
2.955414652824401855e-01
5.790385603904724121e-01
6.701196432113647461e-01
3.942978382110595703e-01
3.641925752162933350e-01
2.869420647621154785e-01
5.017809271812438965e-01
3.016982078552246094e-01
3.723729550838470459e-01
3.992339372634887695e-01
3.552517890930175781e-01
4.100572168827056885e-01
3.931527435779571533e-01
4.196239411830902100e-01
5.279847979545593262e-01
3.729745745658874512e-01
3.573298454284667969e-01
5.470309853553771973e-01
2.515720725059509277e-01
5.045322775840759277e-01
3.487361073493957520e-01
3.305415213108062744e-01
3.369761705398559570e-01
3.695030510425567627e-01
5.683146119117736816e-01
3.397308588027954102e-01
3.648391962051391602e-01
3.456306457519531250e-01
3.971900641918182373e-01
3.475014269351959229e-01
3.569377064704895020e-01
4.770049452781677246e-01
3.120972514152526855e-01
3.909441530704498291e-01
4.138045310974121094e-01
3.834295570850372314e-01
4.362399280071258545e-01
3.981677591800689697e-01
2.747508883476257324e-01
3.437835872173309326e-01
4.495048224925994873e-01
5.874690413475036621e-01
4.408867955207824707e-01
3.934182524681091309e-01
3.754851520061492920e-01
4.058948755264282227e-01
3.212437629699707031e-01
2.588358819484710693e-01
5.354853272438049316e-01
4.941811859607696533e-01
6.475503444671630859e-01
5.780825018882751465e-01
4.450118839740753174e-01
6.142465472221374512e-01
3.187680244445800781e-01
4.456358850002288818e-01
4.257628619670867920e-01
3.834817707538604736e-01
4.223662614822387695e-01
3.070819377899169922e-01
3.715497851371765137e-01
3.380608856678009033e-01
5.158340334892272949e-01
3.166236579418182373e-01
4.704790711402893066e-01
2.945245802402496338e-01
3.949757516384124756e-01
3.412540256977081299e-01
4.744023084640502930e-01
4.065657854080200195e-01
4.797025620937347412e-01
4.415977001190185547e-01
4.305432438850402832e-01
2.954268455505371094e-01
4.129423797130584717e-01
5.764257311820983887e-01
4.499647617340087891e-01
4.268845021724700928e-01
4.084836244583129883e-01
4.458132088184356689e-01
4.864609241485595703e-01
3.852194845676422119e-01
4.224544763565063477e-01
3.129658102989196777e-01
3.659844994544982910e-01
3.738436698913574219e-01
3.240107595920562744e-01
3.479791879653930664e-01
3.848108947277069092e-01
3.528409004211425781e-01
4.139714539051055908e-01
3.475062549114227295e-01
3.935012519359588623e-01
4.257853925228118896e-01
2.450172305107116699e-01
4.904638528823852539e-01
4.516151845455169678e-01
3.457515835762023926e-01
5.145410895347595215e-01
4.270838797092437744e-01
4.995448291301727295e-01
4.465347826480865479e-01
4.487333893775939941e-01
3.220648765563964844e-01
3.784151077270507812e-01
3.664734065532684326e-01
3.718903064727783203e-01
3.157370090484619141e-01
3.161262571811676025e-01
4.650976359844207764e-01
4.879421591758728027e-01
4.019456505775451660e-01
5.056230425834655762e-01
4.321588575839996338e-01
5.112230181694030762e-01
3.832621276378631592e-01
4.406006932258605957e-01
3.343351483345031738e-01
4.057030379772186279e-01
5.640908479690551758e-01
3.347073197364807129e-01
4.015866219997406006e-01
4.906087219715118408e-01
5.019606351852416992e-01
3.867940008640289307e-01
4.277716875076293945e-01
5.232223272323608398e-01
6.396683454513549805e-01
5.216301679611206055e-01
3.564032912254333496e-01
6.358659863471984863e-01
5.255456566810607910e-01
4.919589459896087646e-01
4.398036003112792969e-01
3.771735429763793945e-01
3.531159162521362305e-01
3.487332761287689209e-01
4.120607376098632812e-01
4.030897617340087891e-01
4.708676934242248535e-01
4.127746522426605225e-01
3.606529533863067627e-01
3.550355732440948486e-01
4.193772077560424805e-01
4.212996065616607666e-01
4.517534673213958740e-01
4.266782104969024658e-01
4.116395413875579834e-01
4.509135186672210693e-01
4.983328282833099365e-01
4.351874887943267822e-01
3.066500425338745117e-01
4.727588295936584473e-01
5.012869238853454590e-01
3.880119919776916504e-01
5.080550312995910645e-01
4.473874866962432861e-01
3.679535984992980957e-01
5.229139328002929688e-01
3.481849431991577148e-01
4.275062084197998047e-01
3.544435203075408936e-01
4.092175364494323730e-01
5.738212466239929199e-01
4.098226130008697510e-01
4.670551419258117676e-01
3.712025284767150879e-01
4.322199523448944092e-01
3.296700119972229004e-01
5.907234549522399902e-01
4.074914157390594482e-01
2.822420001029968262e-01
3.594181537628173828e-01
3.425884842872619629e-01
3.184494376182556152e-01
4.368767738342285156e-01
3.470514714717864990e-01
3.097325861454010010e-01
3.636641800403594971e-01
4.371193647384643555e-01
4.438320100307464600e-01
3.247913420200347900e-01
5.314040184020996094e-01
4.402820169925689697e-01
3.590513169765472412e-01
5.480363965034484863e-01
4.508834183216094971e-01
4.236723184585571289e-01
4.835334122180938721e-01
4.842908978462219238e-01
4.686495363712310791e-01
4.988792538642883301e-01
4.928083419799804688e-01
3.631356060504913330e-01
3.658727109432220459e-01
5.245844125747680664e-01
3.376644551753997803e-01
4.335774779319763184e-01
3.377759754657745361e-01
4.431153535842895508e-01
4.012221992015838623e-01
3.485293090343475342e-01
4.938324093818664551e-01
3.999374210834503174e-01
3.724569976329803467e-01
4.907222390174865723e-01
5.028359293937683105e-01
3.750230371952056885e-01
3.280129730701446533e-01
5.090994834899902344e-01
4.277863204479217529e-01
4.744372069835662842e-01
4.177280068397521973e-01
4.610177576541900635e-01
3.807934224605560303e-01
2.748430967330932617e-01
4.879863858222961426e-01
4.540337324142456055e-01
3.509008884429931641e-01
4.571995735168457031e-01
3.691812157630920410e-01
3.504770696163177490e-01
4.927675426006317139e-01
4.973099827766418457e-01
4.303396046161651611e-01
5.182403326034545898e-01
3.559487462043762207e-01
3.739243447780609131e-01
3.441786468029022217e-01
2.604786455631256104e-01
3.983073532581329346e-01
3.690389394760131836e-01
5.300653576850891113e-01
6.198632717132568359e-01
4.599376916885375977e-01
4.719048440456390381e-01
4.204641878604888916e-01
2.651042640209197998e-01
3.325209021568298340e-01
5.011100172996520996e-01
3.913360834121704102e-01
4.831275343894958496e-01
6.044189333915710449e-01
2.853685915470123291e-01
6.270782351493835449e-01
4.021101295948028564e-01
3.467229902744293213e-01
5.079722404479980469e-01
4.243343174457550049e-01
4.629614055156707764e-01
2.510136663913726807e-01
5.042678713798522949e-01
2.938433885574340820e-01
5.949485898017883301e-01
5.259716510772705078e-01
4.323294460773468018e-01
3.778504729270935059e-01
3.910080492496490479e-01
3.004184067249298096e-01
3.864201605319976807e-01
5.336268544197082520e-01
4.097820818424224854e-01
5.751940608024597168e-01
4.753015041351318359e-01
4.197107255458831787e-01
3.549443185329437256e-01
4.301442801952362061e-01
3.104824423789978027e-01
3.862639665603637695e-01
4.662153422832489014e-01
4.104674458503723145e-01
3.814266324043273926e-01
4.578389525413513184e-01
4.928179383277893066e-01
4.016710519790649414e-01
3.405684530735015869e-01
4.560889303684234619e-01
3.766023218631744385e-01
3.995041251182556152e-01
4.215995669364929199e-01
3.533188402652740479e-01
4.063276350498199463e-01
3.438521623611450195e-01
4.969184994697570801e-01
4.308777451515197754e-01
3.310096859931945801e-01
4.006546139717102051e-01
4.358519613742828369e-01
3.879658877849578857e-01
5.105273723602294922e-01
3.287180364131927490e-01
6.431953907012939453e-01
5.219127535820007324e-01
5.265100002288818359e-01
4.201200604438781738e-01
3.000320196151733398e-01
4.258999526500701904e-01
4.741803109645843506e-01
3.762870430946350098e-01
3.519250750541687012e-01
3.605260550975799561e-01
3.705456554889678955e-01
5.398755669593811035e-01
4.222058653831481934e-01
